Counting cache functions... Output every 1 seconds.
    HITS   MISSES  DIRTIES    RATIO   BUFFERS_MB   CACHE_MB
    3981        0        2   100.0%           59        333
    4507        0        2   100.0%           59        333
    4466        0        1   100.0%           59        333
    3973        0        0   100.0%           59        333
    4154        0        0   100.0%           59        333
    4430        0        6   100.0%           59        333
    1317        0        0   100.0%           59        333
    1807        0        0   100.0%           59        333
    1820        0        0   100.0%           59        333
    1344        0        0   100.0%           59        333
    1325        0        0   100.0%           59        333
    1842        0        0   100.0%           59        333
    1844        0        0   100.0%           59        333
    1376        0       14   100.0%           59        333
    1830        0       17   100.0%           59        333
    1317        1        0    99.9%           59        333
    1846        0        0   100.0%           59        333
    1323        0        0   100.0%           59        333
    1796        0        0   100.0%           59        333
    1341        0        7   100.0%           59        333
    1343        0        0   100.0%           59        333
    1326        0        1   100.0%           59        333
    1327        0        2   100.0%           59        333
    1350        0        2   100.0%           59        333
    1816        0        7   100.0%           59        333
    1831        0        2   100.0%           59        333
    1342        0        2   100.0%           59        333
    1822        0        2   100.0%           59        333
    1827        0        2   100.0%           59        333
    1321        1        5    99.9%           59        333
    1348        0        2   100.0%           59        333
    1829        0        2   100.0%           59        333
    1837        0        2   100.0%           59        333
    1846        0        2   100.0%           59        333
    1325        0        1   100.0%           59        333
    1818        0        1   100.0%           59        333
    1336        0        0   100.0%           59        333
    1828        0        0   100.0%           59        333
    1341        0        0   100.0%           59        333
    1318        0        0   100.0%           59        333
    1845        0        0   100.0%           59        333
    2233        0        0   100.0%           59        333
    4413        0        0   100.0%           59        333
    4454        0        0   100.0%           59        333
    4443        0        0   100.0%           59        333
    4463        0        0   100.0%           59        333
    4433        0        0   100.0%           59        333
    4480        0        0   100.0%           59        333
    4454        0        0   100.0%           59        333
    3945        0        3   100.0%           59        333
    3936        0        0   100.0%           59        333
    4119        0        0   100.0%           59        333
    3966        0        0   100.0%           59        333
    4436        0        4   100.0%           59        334
    4483        0        1   100.0%           59        334
    4434        1        9   100.0%           59        334
    4451        0        2   100.0%           59        334
    3955        0        2   100.0%           59        334
    3938        0        2   100.0%           59        334
    4451        0        2   100.0%           59        334
    4472        2        4   100.0%           59        334
    4442        0        2   100.0%           59        334
    4417        0        2   100.0%           59        334
    3990        0        2   100.0%           59        334
    4446        0        2   100.0%           59        334
    4471        0        2   100.0%           59        334
    4402        0        2   100.0%           59        334
    4452        0        5   100.0%           59        334
    3970        0        1   100.0%           59        334
    4448        0        1   100.0%           59        334
    3948        0        0   100.0%           59        334
    4057        0        0   100.0%           59        334
    1315        0        0   100.0%           59        334
    1817        0        0   100.0%           59        334
    1803        0        0   100.0%           59        334
    1317        0        0   100.0%           59        334
    1322        0        0   100.0%           59        334
    1846        0        0   100.0%           59        334
    1316        0        0   100.0%           59        334
    1302        0        0   100.0%           59        334
    1848        0        0   100.0%           59        334
    1344        0        0   100.0%           59        334
    1803        0        0   100.0%           59        334
    1823        0        0   100.0%           59        334
    1825        0        0   100.0%           59        334
    1316        0        0   100.0%           59        334
    1812        0        1   100.0%           59        334
    1314        0        1   100.0%           59        334
    1828        0        2   100.0%           59        334
    1829        0        2   100.0%           59        334
    1850        0        2   100.0%           59        334
    1324        0        2   100.0%           59        334
    1356        0        2   100.0%           59        334
    1848        0        2   100.0%           59        334
    1850        0        2   100.0%           59        334
    1834        0        2   100.0%           59        334
    1344        2        7    99.9%           59        334
    1816        0        2   100.0%           59        334
    1832        0        2   100.0%           59        334
    1328        0        2   100.0%           59        334
    1828        0        2   100.0%           59        334
    1324        0        7   100.0%           59        334
    1805        0        1   100.0%           59        334
    1820        0        0   100.0%           59        334
    1807        0        0   100.0%           59        334
    1841        0        0   100.0%           59        334
    4415        0        0   100.0%           59        334
    4418        0        3   100.0%           59        334
    4400        0        0   100.0%           59        334
    4444        0        0   100.0%           59        334
    4445        0        0   100.0%           59        334
    3949        0        3   100.0%           59        334
    4420        0        0   100.0%           59        334
    3958        0        0   100.0%           59        334
    4451        0        0   100.0%           59        334
    3938        0        0   100.0%           59        334
    3928        0        0   100.0%           59        334
    4446        0        0   100.0%           59        334
    4487        0        0   100.0%           59        334
    3924        0        1   100.0%           59        334
    3893        0        2   100.0%           59        334
    4418        0        5   100.0%           59        334
    4427        0        8   100.0%           59        334
    4423        0        2   100.0%           59        334
    4394        0        2   100.0%           59        334
    3976        0        2   100.0%           59        334
    4459        0        2   100.0%           59        334
    4460        2        4   100.0%           59        334
    3927        0        2   100.0%           59        334
    3972        0        2   100.0%           59        334
    4447        0        2   100.0%           59        334
    4453        0        2   100.0%           59        334
    1795        0        1   100.0%           59        334
    1828        0        1   100.0%           59        334
    1328        0        0   100.0%           59        334
    1816        0        0   100.0%           59        334
    1796        0        0   100.0%           59        334
    1824        0        0   100.0%           59        334
    1843        0        0   100.0%           59        334
    1857        0        0   100.0%           59        334
    1343        0        0   100.0%           59        334
    1845        0        0   100.0%           59        334
    1816        0        0   100.0%           59        334
    1837        0        0   100.0%           59        334
    1339        0        0   100.0%           59        334
    1845        0        0   100.0%           59        334
    1321        0        0   100.0%           59        334
    1843        0        0   100.0%           59        334
    1320        0        0   100.0%           59        334
    1822        0        0   100.0%           59        334
    1824        0        0   100.0%           59        334
    1322        0        1   100.0%           59        334
    1824        0        1   100.0%           59        334
    1325        2        5    99.8%           59        334
    1809        0        2   100.0%           59        334
    1827        0        2   100.0%           59        334
    1815        0        2   100.0%           59        334
    1801        0        2   100.0%           59        334
    1824        2        4    99.9%           59        334
    1352        0        2   100.0%           59        334
    1347        0        2   100.0%           59        334
    1848        0        2   100.0%           59        334
    1852        0        2   100.0%           59        334
    1829        0        2   100.0%           59        334
    1822        0        2   100.0%           59        334
    1829        0        1   100.0%           59        334
    1346        0        1   100.0%           59        334
    1840        0        0   100.0%           59        334
    1322        0        0   100.0%           59        334
    1836        0        0   100.0%           59        334
    1798        0        0   100.0%           59        334
    2191        0        0   100.0%           59        334
    4450        0        0   100.0%           59        334
    4404        0        0   100.0%           59        334
    3941        0        0   100.0%           60        334
    4501        0        3   100.0%           60        334
    4481        0        0   100.0%           60        334
    4435        0        3   100.0%           60        334
    4461        0        0   100.0%           60        334
    4449        0        6   100.0%           60        334
    4457        0        0   100.0%           60        334
    4452        0        0   100.0%           60        334
    3969        0        0   100.0%           60        334
    4466        0        0   100.0%           60        334
    4424        2        4   100.0%           60        334
    4503        0        0   100.0%           60        334
    4485        0        2   100.0%           60        334
    3946        0        2   100.0%           60        334
    4388        0        2   100.0%           60        334
    3981        1        8   100.0%           60        334
    4407        0        2   100.0%           60        334
    3913        0        2   100.0%           60        334
    4446        0        2   100.0%           60        334
    4431        0        2   100.0%           60        334
    3942        2        4    99.9%           60        334
    2313        0        2   100.0%           60        334
    1825        0        2   100.0%           60        334
    1321        0        1   100.0%           60        334
    1311        0        1   100.0%           60        334
    1322        0        0   100.0%           60        334
    1804        0        0   100.0%           60        334
    1351        0        0   100.0%           60        334
    1342        0        0   100.0%           60        334
    1802        0        0   100.0%           60        334
    1347        0        0   100.0%           60        334
    1343        0        0   100.0%           60        334
    1341        0        0   100.0%           60        334
    1328        0        0   100.0%           60        334
    1317        0        0   100.0%           60        334
    1316        0        0   100.0%           60        334
    1785        0        0   100.0%           60        334
    1318        0        0   100.0%           60        334
    1817        0        0   100.0%           60        334
    1323        0        0   100.0%           60        334
    1840        0        0   100.0%           60        334
    1807        0        0   100.0%           60        334
    1842        0        0   100.0%           60        334
    1825        0        1   100.0%           60        334
    1328        0        2   100.0%           60        334
    1843        0        2   100.0%           60        334
    1824        1        5    99.9%           60        334
    1346        0        2   100.0%           60        334
    1835        0        2   100.0%           60        334
    1802        0        2   100.0%           60        334
    1851        0        2   100.0%           60        334
    1818        0        8   100.0%           60        334
    1326        0        2   100.0%           60        334
    1349        0        2   100.0%           60        334
    1849        0        2   100.0%           60        334
    1823        0        2   100.0%           60        334
    1319        0        1   100.0%           60        334
    1319        0        1   100.0%           60        334
    1322        0        0   100.0%           60        334
    3281        0        0   100.0%           60        334
    4438        0        0   100.0%           60        334
    4487        0        0   100.0%           60        334
    4422        0        0   100.0%           60        334
    4431        0        0   100.0%           60        334
    4466        0        0   100.0%           60        334
    4489        0        0   100.0%           60        334
    3931        0        0   100.0%           60        334
    3931        0        0   100.0%           60        334
    4450        0        0   100.0%           60        334
    3906        0        3   100.0%           60        334
    4502        0        0   100.0%           60        334
    4416        0        0   100.0%           60        334
    4421        0        0   100.0%           60        334
    4451        0        0   100.0%           60        334
    3948        0        0   100.0%           60        334
    3963        0        0   100.0%           60        334
    3935        0        0   100.0%           60        334
    3981        0        1   100.0%           60        334
    4451        0        1   100.0%           60        334
    4449        0        5   100.0%           60        334
    4471        0        2   100.0%           60        334
    3929        0        2   100.0%           60        334
    3914        1        7   100.0%           60        334
    4440        0        5   100.0%           60        334
    1828        0        2   100.0%           60        334
    1807        0        2   100.0%           60        334
    1802        0        2   100.0%           60        334
    1800        0        2   100.0%           60        334
    1854        0        2   100.0%           60        334
    1318        0        1   100.0%           60        334
    1340        0        0   100.0%           60        334
    1829        0        0   100.0%           60        334
    1317        0        0   100.0%           60        334
    1342        0        0   100.0%           60        334
    1822        0        0   100.0%           60        334
    1844        0        0   100.0%           60        334
    1797        0        0   100.0%           60        334
    1348        0        0   100.0%           60        334
    1844        0        0   100.0%           60        334
    1856        0       20   100.0%           60        334
    1346        0        0   100.0%           60        334
    1316        0        0   100.0%           60        334
    1822        0        0   100.0%           60        334
    1328        0        0   100.0%           60        334
    1780        0        0   100.0%           60        334
    1362        0        0   100.0%           60        334
    1850        0        0   100.0%           60        334
    1840        0        0   100.0%           60        334
    1498        0        0   100.0%           60        334
    1350        1        4    99.9%           60        334
    1329        0        2   100.0%           60        334
    1853        1        2    99.9%           60        334
    1356        0        2   100.0%           60        334
    1826        0        2   100.0%           60        334
    1317        0       10   100.0%           60        334
    1830        0        2   100.0%           60        334
    1800        0        2   100.0%           60        334
    1351        0        2   100.0%           60        334
    1353        0        2   100.0%           60        334
    1819        2        4    99.9%           60        334
    1627        0        2   100.0%           60        334
    1323        0        1   100.0%           60        334
    1341        0        0   100.0%           60        334
    1315        0        0   100.0%           60        334
    1322        0        0   100.0%           60        334
    1318        0        0   100.0%           60        334
    1316        0        0   100.0%           60        334
    1798        0        0   100.0%           60        334
    1815        0        0   100.0%           60        334
    1321        0        0   100.0%           60        334
    1843        0        0   100.0%           60        334
    1842        0        0   100.0%           60        334
    1803        0        0   100.0%           60        334
    1343        0        0   100.0%           60        334
    1315        0        0   100.0%           60        334
    1339        0        0   100.0%           60        334
    1822        0        0   100.0%           60        334
    1315        0        0   100.0%           60        334
    1845        0        0   100.0%           60        334
    1845        0        0   100.0%           60        334
    1856        0        5   100.0%           60        334
    1846        0        1   100.0%           60        334
    1821        0        1   100.0%           60        334
    1831        0        2   100.0%           60        334
    1328        0        2   100.0%           60        334
    1822        0       10   100.0%           60        334
    1334        0        2   100.0%           60        334
    1822        0        2   100.0%           60        334
    1843        0        2   100.0%           60        334
    1357        0        2   100.0%           60        334
    1351        1        7    99.9%           60        334
    1348        0        2   100.0%           60        334
    1346        0        2   100.0%           60        334
    1846        0        2   100.0%           60        334
    1819        0        1   100.0%           60        334
    1350        0        0   100.0%           60        334
    1840        0        0   100.0%           60        334
    1845        0        0   100.0%           60        334
    1822        0        0   100.0%           60        334
    1802        0        0   100.0%           60        334
    1320        0        0   100.0%           60        334
    1348        0        0   100.0%           60        334
    1842        0        0   100.0%           60        334
    1345        0        0   100.0%           60        334
    1847        0        0   100.0%           60        334
    1343        0        0   100.0%           60        334
    1320        0        0   100.0%           60        334
    1848        0        0   100.0%           60        334
    1316        0        0   100.0%           60        334
    1802        0        0   100.0%           60        334
    1847        0        0   100.0%           60        334
    1342        0        4   100.0%           60        334
    1316        0        0   100.0%           60        334
    1831        0        1   100.0%           60        334
    1348        0        2   100.0%           60        334
    1847        0        2   100.0%           60        334
    1842        2        4    99.9%           60        334
    1823        0        2   100.0%           60        334
    1322        0        2   100.0%           60        334
    1855        0        2   100.0%           60        334
    1326        0        2   100.0%           60        334
    1806        2        4    99.9%           60        334
    1832        0        2   100.0%           60        334
    1329        0        2   100.0%           60        334
    1844        0        2   100.0%           60        334
    1415        0        1   100.0%           60        334
    1847        0        1   100.0%           60        334
    1843        0        0   100.0%           60        334
    1551        0        0   100.0%           60        334
    1803        0        0   100.0%           60        334
    1820        0        0   100.0%           60        334
    1823        0        0   100.0%           60        334
    1320        0        0   100.0%           60        334
    1315        0        0   100.0%           60        334
    1817        0        0   100.0%           60        334
    1821        0        0   100.0%           60        334
    1340        0        0   100.0%           60        334
    1822        0        0   100.0%           60        334
    1318        0        0   100.0%           60        334
    1341        0        0   100.0%           60        334
    1344        0        0   100.0%           60        334
    1843        0        0   100.0%           60        334
    1313        0        5   100.0%           60        334
    1801        0        0   100.0%           60        334
    1848        0        1   100.0%           60        334
    1753        0        1   100.0%           60        334
    1329        0        2   100.0%           60        334
    1349        0        7   100.0%           60        334
    1350        0        2   100.0%           60        334
    1347        0        2   100.0%           60        334
    1330        0        2   100.0%           60        334
    1346        0        2   100.0%           60        334
    1346        2        4    99.9%           60        334
    1836        0        2   100.0%           60        334
    1824        0        2   100.0%           60        334
    1308        0        2   100.0%           60        334
    1353        0        2   100.0%           60        334
    1845        0        2   100.0%           60        334
    1846        0        1   100.0%           60        334
    1328        0        0   100.0%           60        334
    1315        0        0   100.0%           60        334
    1803        0        0   100.0%           60        334
    1350        0        0   100.0%           60        334
    1322        0        0   100.0%           60        334
    1316        0        0   100.0%           60        334
    1322        0        0   100.0%           60        334
    1318        0        0   100.0%           60        334
    1407        0        0   100.0%           60        334
    1850        0        0   100.0%           60        334
    1840        0        0   100.0%           60        334
    1316        0        0   100.0%           60        334
    1830        0        0   100.0%           60        334
    1845        0        0   100.0%           60        334
    1342        0        2   100.0%           60        334
    1848        0        0   100.0%           60        334
    1345        0        0   100.0%           60        334
    1818        0        0   100.0%           60        334
    1349        0        0   100.0%           60        334
    1805        0        3   100.0%           60        334
    1351        0        2   100.0%           60        334
    1357        0        2   100.0%           60        334
    1308        0        2   100.0%           60        334
    1326        0        2   100.0%           60        334
    1844        2        4    99.9%           60        334
    1801        0        2   100.0%           60        334
    1825        0        2   100.0%           60        334
    1835        0        2   100.0%           60        334
    1822        0        2   100.0%           60        334
    1838        2        3    99.9%           60        334
    1331        0        1   100.0%           60        334
    1802        0        0   100.0%           60        334
    1336        0        0   100.0%           60        334
    1322        0        0   100.0%           60        334
    1323        0        0   100.0%           60        334
    1839        0        0   100.0%           60        334
    1845        0        0   100.0%           60        334
    1802        0        0   100.0%           60        334
    1796        0        0   100.0%           60        334
    1320        0        0   100.0%           60        334
    1837        0        0   100.0%           60        334
    1815        0        0   100.0%           60        334
    1320        0        0   100.0%           60        334
    1816        0        0   100.0%           60        334
    1343        0        0   100.0%           60        334
    1844        0        0   100.0%           60        334
    2953        0        3   100.0%           60        334
    1840        0        0   100.0%           60        334
