Counting cache functions... Output every 1 seconds.
    HITS   MISSES  DIRTIES    RATIO   BUFFERS_MB   CACHE_MB
    3981        0        2   100.0%           59        333
    4507        0        2   100.0%           59        333
    4466        0        1   100.0%           59        333
    3973        0        0   100.0%           59        333
    4154        0        0   100.0%           59        333
    4430        0        6   100.0%           59        333
    1317        0        0   100.0%           59        333
    1807        0        0   100.0%           59        333
    1820        0        0   100.0%           59        333
    1344        0        0   100.0%           59        333
    1325        0        0   100.0%           59        333
    1842        0        0   100.0%           59        333
    1844        0        0   100.0%           59        333
    1376        0       14   100.0%           59        333
    1830        0       17   100.0%           59        333
    1317        1        0    99.9%           59        333
    1846        0        0   100.0%           59        333
    1323        0        0   100.0%           59        333
    1796        0        0   100.0%           59        333
    1341        0        7   100.0%           59        333
    1343        0        0   100.0%           59        333
    1326        0        1   100.0%           59        333
    1327        0        2   100.0%           59        333
    1350        0        2   100.0%           59        333
    1816        0        7   100.0%           59        333
    1831        0        2   100.0%           59        333
    1342        0        2   100.0%           59        333
    1822        0        2   100.0%           59        333
    1827        0        2   100.0%           59        333
    1321        1        5    99.9%           59        333
    1348        0        2   100.0%           59        333
    1829        0        2   100.0%           59        333
    1837        0        2   100.0%           59        333
    1846        0        2   100.0%           59        333
    1325        0        1   100.0%           59        333
    1818        0        1   100.0%           59        333
    1336        0        0   100.0%           59        333
    1828        0        0   100.0%           59        333
    1341        0        0   100.0%           59        333
    1318        0        0   100.0%           59        333
    1845        0        0   100.0%           59        333
    2233        0        0   100.0%           59        333
    4413        0        0   100.0%           59        333
    4454        0        0   100.0%           59        333
    4443        0        0   100.0%           59        333
    4463        0        0   100.0%           59        333
    4433        0        0   100.0%           59        333
    4480        0        0   100.0%           59        333
    4454        0        0   100.0%           59        333
    3945        0        3   100.0%           59        333
    3936        0        0   100.0%           59        333
    4119        0        0   100.0%           59        333
    3966        0        0   100.0%           59        333
    4436        0        4   100.0%           59        334
    4483        0        1   100.0%           59        334
    4434        1        9   100.0%           59        334
    4451        0        2   100.0%           59        334
    3955        0        2   100.0%           59        334
    3938        0        2   100.0%           59        334
    4451        0        2   100.0%           59        334
    4472        2        4   100.0%           59        334
    4442        0        2   100.0%           59        334
    4417        0        2   100.0%           59        334
    3990        0        2   100.0%           59        334
    4446        0        2   100.0%           59        334
    4471        0        2   100.0%           59        334
    4402        0        2   100.0%           59        334
    4452        0        5   100.0%           59        334
    3970        0        1   100.0%           59        334
    4448        0        1   100.0%           59        334
    3948        0        0   100.0%           59        334
    4057        0        0   100.0%           59        334
    1315        0        0   100.0%           59        334
    1817        0        0   100.0%           59        334
    1803        0        0   100.0%           59        334
    1317        0        0   100.0%           59        334
    1322        0        0   100.0%           59        334
    1846        0        0   100.0%           59        334
    1316        0        0   100.0%           59        334
    1302        0        0   100.0%           59        334
    1848        0        0   100.0%           59        334
    1344        0        0   100.0%           59        334
    1803        0        0   100.0%           59        334
    1823        0        0   100.0%           59        334
    1825        0        0   100.0%           59        334
    1316        0        0   100.0%           59        334
    1812        0        1   100.0%           59        334
    1314        0        1   100.0%           59        334
    1828        0        2   100.0%           59        334
    1829        0        2   100.0%           59        334
    1850        0        2   100.0%           59        334
    1324        0        2   100.0%           59        334
    1356        0        2   100.0%           59        334
    1848        0        2   100.0%           59        334
    1850        0        2   100.0%           59        334
    1834        0        2   100.0%           59        334
    1344        2        7    99.9%           59        334
    1816        0        2   100.0%           59        334
    1832        0        2   100.0%           59        334
    1328        0        2   100.0%           59        334
    1828        0        2   100.0%           59        334
    1324        0        7   100.0%           59        334
    1805        0        1   100.0%           59        334
    1820        0        0   100.0%           59        334
    1807        0        0   100.0%           59        334
    1841        0        0   100.0%           59        334
    4415        0        0   100.0%           59        334
    4418        0        3   100.0%           59        334
    4400        0        0   100.0%           59        334
    4444        0        0   100.0%           59        334
    4445        0        0   100.0%           59        334
    3949        0        3   100.0%           59        334
    4420        0        0   100.0%           59        334
    3958        0        0   100.0%           59        334
    4451        0        0   100.0%           59        334
    3938        0        0   100.0%           59        334
    3928        0        0   100.0%           59        334
    4446        0        0   100.0%           59        334
    4487        0        0   100.0%           59        334
    3924        0        1   100.0%           59        334
    3893        0        2   100.0%           59        334
    4418        0        5   100.0%           59        334
    4427        0        8   100.0%           59        334
    4423        0        2   100.0%           59        334
    4394        0        2   100.0%           59        334
    3976        0        2   100.0%           59        334
    4459        0        2   100.0%           59        334
    4460        2        4   100.0%           59        334
    3927        0        2   100.0%           59        334
    3972        0        2   100.0%           59        334
    4447        0        2   100.0%           59        334
    4453        0        2   100.0%           59        334
    1795        0        1   100.0%           59        334
    1828        0        1   100.0%           59        334
    1328        0        0   100.0%           59        334
    1816        0        0   100.0%           59        334
    1796        0        0   100.0%           59        334
    1824        0        0   100.0%           59        334
    1843        0        0   100.0%           59        334
    1857        0        0   100.0%           59        334
    1343        0        0   100.0%           59        334
    1845        0        0   100.0%           59        334
    1816        0        0   100.0%           59        334
    1837        0        0   100.0%           59        334
    1339        0        0   100.0%           59        334
    1845        0        0   100.0%           59        334
    1321        0        0   100.0%           59        334
    1843        0        0   100.0%           59        334
    1320        0        0   100.0%           59        334
    1822        0        0   100.0%           59        334
    1824        0        0   100.0%           59        334
    1322        0        1   100.0%           59        334
    1824        0        1   100.0%           59        334
    1325        2        5    99.8%           59        334
    1809        0        2   100.0%           59        334
    1827        0        2   100.0%           59        334
    1815        0        2   100.0%           59        334
    1801        0        2   100.0%           59        334
    1824        2        4    99.9%           59        334
    1352        0        2   100.0%           59        334
    1347        0        2   100.0%           59        334
    1848        0        2   100.0%           59        334
    1852        0        2   100.0%           59        334
    1829        0        2   100.0%           59        334
    1822        0        2   100.0%           59        334
    1829        0        1   100.0%           59        334
    1346        0        1   100.0%           59        334
    1840        0        0   100.0%           59        334
    1322        0        0   100.0%           59        334
    1836        0        0   100.0%           59        334
    1798        0        0   100.0%           59        334
    2191        0        0   100.0%           59        334
    4450        0        0   100.0%           59        334
    4404        0        0   100.0%           59        334
    3941        0        0   100.0%           60        334
    4501        0        3   100.0%           60        334
    4481        0        0   100.0%           60        334
    4435        0        3   100.0%           60        334
    4461        0        0   100.0%           60        334
    4449        0        6   100.0%           60        334
    4457        0        0   100.0%           60        334
    4452        0        0   100.0%           60        334
    3969        0        0   100.0%           60        334
    4466        0        0   100.0%           60        334
    4424        2        4   100.0%           60        334
    4503        0        0   100.0%           60        334
    4485        0        2   100.0%           60        334
    3946        0        2   100.0%           60        334
    4388        0        2   100.0%           60        334
    3981        1        8   100.0%           60        334
    4407        0        2   100.0%           60        334
    3913        0        2   100.0%           60        334
    4446        0        2   100.0%           60        334
    4431        0        2   100.0%           60        334
    3942        2        4    99.9%           60        334
    2313        0        2   100.0%           60        334
    1825        0        2   100.0%           60        334
    1321        0        1   100.0%           60        334
    1311        0        1   100.0%           60        334
    1322        0        0   100.0%           60        334
    1804        0        0   100.0%           60        334
    1351        0        0   100.0%           60        334
    1342        0        0   100.0%           60        334
    1802        0        0   100.0%           60        334
    1347        0        0   100.0%           60        334
    1343        0        0   100.0%           60        334
    1341        0        0   100.0%           60        334
    1328        0        0   100.0%           60        334
    1317        0        0   100.0%           60        334
    1316        0        0   100.0%           60        334
    1785        0        0   100.0%           60        334
    1318        0        0   100.0%           60        334
    1817        0        0   100.0%           60        334
    1323        0        0   100.0%           60        334
    1840        0        0   100.0%           60        334
    1807        0        0   100.0%           60        334
    1842        0        0   100.0%           60        334
    1825        0        1   100.0%           60        334
    1328        0        2   100.0%           60        334
    1843        0        2   100.0%           60        334
    1824        1        5    99.9%           60        334
    1346        0        2   100.0%           60        334
    1835        0        2   100.0%           60        334
    1802        0        2   100.0%           60        334
    1851        0        2   100.0%           60        334
    1818        0        8   100.0%           60        334
    1326        0        2   100.0%           60        334
    1349        0        2   100.0%           60        334
    1849        0        2   100.0%           60        334
    1823        0        2   100.0%           60        334
    1319        0        1   100.0%           60        334
    1319        0        1   100.0%           60        334
    1322        0        0   100.0%           60        334
    3281        0        0   100.0%           60        334
    4438        0        0   100.0%           60        334
    4487        0        0   100.0%           60        334
    4422        0        0   100.0%           60        334
    4431        0        0   100.0%           60        334
    4466        0        0   100.0%           60        334
    4489        0        0   100.0%           60        334
    3931        0        0   100.0%           60        334
    3931        0        0   100.0%           60        334
    4450        0        0   100.0%           60        334
    3906        0        3   100.0%           60        334
    4502        0        0   100.0%           60        334
    4416        0        0   100.0%           60        334
    4421        0        0   100.0%           60        334
    4451        0        0   100.0%           60        334
    3948        0        0   100.0%           60        334
    3963        0        0   100.0%           60        334
    3935        0        0   100.0%           60        334
    3981        0        1   100.0%           60        334
    4451        0        1   100.0%           60        334
    4449        0        5   100.0%           60        334
    4471        0        2   100.0%           60        334
    3929        0        2   100.0%           60        334
    3914        1        7   100.0%           60        334
    4440        0        5   100.0%           60        334
    1828        0        2   100.0%           60        334
    1807        0        2   100.0%           60        334
    1802        0        2   100.0%           60        334
    1800        0        2   100.0%           60        334
    1854        0        2   100.0%           60        334
    1318        0        1   100.0%           60        334
    1340        0        0   100.0%           60        334
    1829        0        0   100.0%           60        334
    1317        0        0   100.0%           60        334
    1342        0        0   100.0%           60        334
    1822        0        0   100.0%           60        334
    1844        0        0   100.0%           60        334
    1797        0        0   100.0%           60        334
    1348        0        0   100.0%           60        334
    1844        0        0   100.0%           60        334
    1856        0       20   100.0%           60        334
    1346        0        0   100.0%           60        334
    1316        0        0   100.0%           60        334
    1822        0        0   100.0%           60        334
    1328        0        0   100.0%           60        334
    1780        0        0   100.0%           60        334
    1362        0        0   100.0%           60        334
    1850        0        0   100.0%           60        334
    1840        0        0   100.0%           60        334
    1498        0        0   100.0%           60        334
    1350        1        4    99.9%           60        334
    1329        0        2   100.0%           60        334
    1853        1        2    99.9%           60        334
    1356        0        2   100.0%           60        334
    1826        0        2   100.0%           60        334
    1317        0       10   100.0%           60        334
    1830        0        2   100.0%           60        334
    1800        0        2   100.0%           60        334
    1351        0        2   100.0%           60        334
    1353        0        2   100.0%           60        334
    1819        2        4    99.9%           60        334
    1627        0        2   100.0%           60        334
    1323        0        1   100.0%           60        334
    1341        0        0   100.0%           60        334
    1315        0        0   100.0%           60        334
    1322        0        0   100.0%           60        334
    1318        0        0   100.0%           60        334
    1316        0        0   100.0%           60        334
    1798        0        0   100.0%           60        334
    1815        0        0   100.0%           60        334
    1321        0        0   100.0%           60        334
    1843        0        0   100.0%           60        334
    1842        0        0   100.0%           60        334
    1803        0        0   100.0%           60        334
    1343        0        0   100.0%           60        334
    1315        0        0   100.0%           60        334
    1339        0        0   100.0%           60        334
    1822        0        0   100.0%           60        334
    1315        0        0   100.0%           60        334
    1845        0        0   100.0%           60        334
    1845        0        0   100.0%           60        334
    1856        0        5   100.0%           60        334
    1846        0        1   100.0%           60        334
    1821        0        1   100.0%           60        334
    1831        0        2   100.0%           60        334
    1328        0        2   100.0%           60        334
    1822        0       10   100.0%           60        334
    1334        0        2   100.0%           60        334
    1822        0        2   100.0%           60        334
    1843        0        2   100.0%           60        334
    1357        0        2   100.0%           60        334
    1351        1        7    99.9%           60        334
    1348        0        2   100.0%           60        334
    1346        0        2   100.0%           60        334
    1846        0        2   100.0%           60        334
    1819        0        1   100.0%           60        334
    1350        0        0   100.0%           60        334
    1840        0        0   100.0%           60        334
    1845        0        0   100.0%           60        334
    1822        0        0   100.0%           60        334
    1802        0        0   100.0%           60        334
    1320        0        0   100.0%           60        334
    1348        0        0   100.0%           60        334
    1842        0        0   100.0%           60        334
    1345        0        0   100.0%           60        334
    1847        0        0   100.0%           60        334
    1343        0        0   100.0%           60        334
    1320        0        0   100.0%           60        334
    1848        0        0   100.0%           60        334
    1316        0        0   100.0%           60        334
    1802        0        0   100.0%           60        334
    1847        0        0   100.0%           60        334
    1342        0        4   100.0%           60        334
    1316        0        0   100.0%           60        334
    1831        0        1   100.0%           60        334
    1348        0        2   100.0%           60        334
    1847        0        2   100.0%           60        334
    1842        2        4    99.9%           60        334
    1823        0        2   100.0%           60        334
    1322        0        2   100.0%           60        334
    1855        0        2   100.0%           60        334
    1326        0        2   100.0%           60        334
    1806        2        4    99.9%           60        334
    1832        0        2   100.0%           60        334
    1329        0        2   100.0%           60        334
    1844        0        2   100.0%           60        334
    1415        0        1   100.0%           60        334
    1847        0        1   100.0%           60        334
    1843        0        0   100.0%           60        334
    1551        0        0   100.0%           60        334
    1803        0        0   100.0%           60        334
    1820        0        0   100.0%           60        334
    1823        0        0   100.0%           60        334
    1320        0        0   100.0%           60        334
    1315        0        0   100.0%           60        334
    1817        0        0   100.0%           60        334
    1821        0        0   100.0%           60        334
    1340        0        0   100.0%           60        334
    1822        0        0   100.0%           60        334
    1318        0        0   100.0%           60        334
    1341        0        0   100.0%           60        334
    1344        0        0   100.0%           60        334
    1843        0        0   100.0%           60        334
    1313        0        5   100.0%           60        334
    1801        0        0   100.0%           60        334
    1848        0        1   100.0%           60        334
    1753        0        1   100.0%           60        334
    1329        0        2   100.0%           60        334
    1349        0        7   100.0%           60        334
    1350        0        2   100.0%           60        334
    1347        0        2   100.0%           60        334
    1330        0        2   100.0%           60        334
    1346        0        2   100.0%           60        334
    1346        2        4    99.9%           60        334
    1836        0        2   100.0%           60        334
    1824        0        2   100.0%           60        334
    1308        0        2   100.0%           60        334
    1353        0        2   100.0%           60        334
    1845        0        2   100.0%           60        334
    1846        0        1   100.0%           60        334
    1328        0        0   100.0%           60        334
    1315        0        0   100.0%           60        334
    1803        0        0   100.0%           60        334
    1350        0        0   100.0%           60        334
    1322        0        0   100.0%           60        334
    1316        0        0   100.0%           60        334
    1322        0        0   100.0%           60        334
    1318        0        0   100.0%           60        334
    1407        0        0   100.0%           60        334
    1850        0        0   100.0%           60        334
    1840        0        0   100.0%           60        334
    1316        0        0   100.0%           60        334
    1830        0        0   100.0%           60        334
    1845        0        0   100.0%           60        334
    1342        0        2   100.0%           60        334
    1848        0        0   100.0%           60        334
    1345        0        0   100.0%           60        334
    1818        0        0   100.0%           60        334
    1349        0        0   100.0%           60        334
    1805        0        3   100.0%           60        334
    1351        0        2   100.0%           60        334
    1357        0        2   100.0%           60        334
    1308        0        2   100.0%           60        334
    1326        0        2   100.0%           60        334
    1844        2        4    99.9%           60        334
    1801        0        2   100.0%           60        334
    1825        0        2   100.0%           60        334
    1835        0        2   100.0%           60        334
    1822        0        2   100.0%           60        334
    1838        2        3    99.9%           60        334
    1331        0        1   100.0%           60        334
    1802        0        0   100.0%           60        334
    1336        0        0   100.0%           60        334
    1322        0        0   100.0%           60        334
    1323        0        0   100.0%           60        334
    1839        0        0   100.0%           60        334
    1845        0        0   100.0%           60        334
    1802        0        0   100.0%           60        334
    1796        0        0   100.0%           60        334
    1320        0        0   100.0%           60        334
    1837        0        0   100.0%           60        334
    1815        0        0   100.0%           60        334
    1320        0        0   100.0%           60        334
    1816        0        0   100.0%           60        334
    1343        0        0   100.0%           60        334
    1844        0        0   100.0%           60        334
    2953        0        3   100.0%           60        334
    1840        0        0   100.0%           60        334
    4329        0        8   100.0%           44       3159
    2831        0        3   100.0%           44       3159
    2801        0      165   100.0%           45       3158
    3798        1       12   100.0%           45       3159
    3349        0        3   100.0%           45       3159
    3537        0        3   100.0%           45       3159
    2331        0        3   100.0%           45       3159
    3295        0        3   100.0%           45       3159
    3300        0        3   100.0%           45       3159
    2339        0        3   100.0%           45       3159
    4038      144      174    96.6%           45       3159
    3717      354       13    91.3%           45       3161
    3470      860       49    80.1%           45       3165
    3327      283      183    92.2%           45       3167
    1383        4       44    99.7%           45       3167
    1614        0        3   100.0%           45       3167
    1352        0        3   100.0%           45       3167
    1854        0        3   100.0%           45       3167
    1326        0        3   100.0%           45       3167
    1843        2       11    99.9%           45       3167
    1349        0        3   100.0%           45       3167
    1866       37        2    98.1%           45       3167
    1802        0        2   100.0%           45       3167
    1849        2        2    99.9%           45       3167
    8600       43      109    99.5%           45       3167
    1650        0      185   100.0%           45       3167
    1824        0        3   100.0%           45       3167
    2214        0        2   100.0%           45       3167
    2185        0        3   100.0%           45       3167
    2168        0        3   100.0%           45       3167
    2192        1       11   100.0%           45       3167
    2054      174        3    92.2%           45       3168
    1711        0        3   100.0%           45       3168
    2228        0        3   100.0%           45       3168
    1794        0        3   100.0%           45       3168
    2291        7        7    99.7%           45       3168
    2201        0        3   100.0%           45       3168
    1778        1        3    99.9%           45       3168
    1349        0        3   100.0%           45       3168
    1870        0        3   100.0%           45       3168
    1737        0       10   100.0%           45       3168
    2193        0      376   100.0%           45       3169
    1825        2       23    99.9%           45       3169
    1831        0        3   100.0%           45       3169
    2196        0        3   100.0%           45       3169
    2214        0        3   100.0%           45       3169
    2196        0        3   100.0%           45       3169
    2187        2       10    99.9%           45       3169
    2199        0        3   100.0%           45       3169
    2202        0        3   100.0%           45       3169
    1693        0        3   100.0%           45       3169
   12351       57        5    99.5%           45       3169
   15449        0       12   100.0%           45       3169
    1759        0        4   100.0%           45       3169
    2838        0        5   100.0%           45       3169
    2316        0        5   100.0%           45       3169
    2331        0        4   100.0%           45       3169
    2685        0       16   100.0%           45       3169
    2344        0        5   100.0%           45       3169
    2195        0        3   100.0%           45       3169
    2806        0        4   100.0%           45       3169
    2808        2       14    99.9%           45       3169
    2822        0        5   100.0%           45       3169
    1694        0        3   100.0%           45       3169
    1719        0        3   100.0%           45       3169
    1680        0        3   100.0%           45       3169
    1660        0        3   100.0%           45       3169
    2193        0        3   100.0%           45       3169
    2195        0        3   100.0%           45       3169
    2222        0        3   100.0%           45       3169
    2320        0        5   100.0%           45       3169
    2337        0        5   100.0%           45       3169
    2346        0        5   100.0%           45       3169
    1694        0        3   100.0%           45       3169
    2827        0        3   100.0%           45       3169
    2789        0        3   100.0%           45       3169
    2840        0        5   100.0%           45       3169
    2834        0        5   100.0%           45       3169
    2843        0        5   100.0%           45       3169
    1876        0        3   100.0%           45       3169
    2802        0        5   100.0%           45       3169
    2395        0        5   100.0%           45       3169
    2218        0       35   100.0%           45       3169
    2176        0        3   100.0%           45       3169
    2173        0        3   100.0%           45       3169
    2220        0        2   100.0%           45       3169
    1694        0        3   100.0%           45       3169
    1712        2       12    99.9%           45       3169
    2199        0        3   100.0%           45       3169
    3436        1        5   100.0%           45       3169
    2219        0        3   100.0%           45       3169
    2784      704        3    79.8%           45       3172
    1453     1156       11    55.7%           45       3177
    2322      919        5    71.6%           45       3157
    1169     1411        4    45.3%           45       3163
    2200        0        3   100.0%           45       3163
    1697        0        3   100.0%           45       3163
    2205        0       14   100.0%           45       3163
    2198        0        3   100.0%           45       3163
    2171        0        3   100.0%           45       3163
    1701        0        3   100.0%           45       3163
    3433        0        5   100.0%           45       3163
    4365       91       21    98.0%           45       3117
    1715        0        3   100.0%           45       3117
    2173        0        3   100.0%           45       3117
    2319      650       16    78.1%           45       3120
    2235        1        3   100.0%           45       3120
    2175        0        3   100.0%           45       3120
    2226        0       16   100.0%           45       3120
    1898        0       22   100.0%           45       3120
    1337        0        3   100.0%           45       3120
    2198        0       21   100.0%           45       3120
    2220        0        3   100.0%           45       3120
    1710        0       21   100.0%           45       3120
    2200        0        3   100.0%           45       3120
    2181        0        3   100.0%           45       3120
    2221        0        2   100.0%           45       3120
    1694        0        3   100.0%           45       3120
    2165        2       12    99.9%           45       3120
    2218        0        3   100.0%           45       3120
    2195        0        3   100.0%           45       3120
    2174        0        3   100.0%           45       3120
    2193        0        3   100.0%           45       3120
    1719        0        7   100.0%           45       3120
    2387        0       18   100.0%           45       3097
    1847        0        3   100.0%           45       3097
    1683        0        3   100.0%           45       3097
    1341        0        3   100.0%           45       3097
    1493        0       38   100.0%           45       3097
    1821        0       17   100.0%           45       3097
    2227        0        3   100.0%           45       3097
    1721        0        3   100.0%           45       3097
    2396        0       17   100.0%           45       3097
    1692        2       14    99.9%           45       3097
    1631        0        3   100.0%           45       3097
    1720        0        3   100.0%           45       3097
    1875        0        3   100.0%           45       3097
    2369        0       17   100.0%           45       3097
    1719        0        3   100.0%           45       3097
    2223        0        3   100.0%           45       3097
    1868        0       17   100.0%           45       3097
    1694        0        3   100.0%           45       3097
    1680        0        3   100.0%           45       3097
    2192        0        3   100.0%           45       3097
    1696        0        3   100.0%           45       3097
    1698        0        3   100.0%           45       3097
    2195        0        3   100.0%           45       3097
    1719        0        3   100.0%           45       3097
    1712        2        6    99.9%           45       3097
    6128      260        3    95.9%           46       1642
    3475      109        6    97.0%           46       1643
    2173        0        3   100.0%           46       1643
    1697        0        2   100.0%           46       1643
    2183        0       15   100.0%           46       1643
    2222        0        3   100.0%           46       1643
    2236        0        3   100.0%           46       1643
    2201        0        3   100.0%           46       1643
    1684        0        3   100.0%           46       1643
    1716        2        7    99.9%           46       1643
    1664        0        3   100.0%           46       1643
    2223        0        3   100.0%           46       1643
    2148        0        3   100.0%           46       1643
    2200        0        3   100.0%           46       1643
    2149        0       11   100.0%           46       1643
    2195        0        3   100.0%           46       1643
    1692        0        3   100.0%           46       1643
    2199        0        3   100.0%           46       1643
    2330        4      110    99.8%           46       1644
    7697        0       40   100.0%           46       1643
    2935        0      386   100.0%           46       1643
    2197        0        3   100.0%           46       1643
    1735        0        3   100.0%           46       1643
    2226        0        3   100.0%           46       1643
    2381        0       18   100.0%           46       1643
    2220        0        3   100.0%           46       1643
    2361        0        4   100.0%           46       1643
    1856        0       16   100.0%           46       1643
    2218        0        3   100.0%           46       1643
    1873        0       17   100.0%           46       1643
    1970        2       14    99.9%           46       1643
    1720        0        3   100.0%           46       1643
    2386        0       17   100.0%           46       1643
    1865        0       16   100.0%           46       1643
    2218        0       40   100.0%           46       1643
    2407        0       18   100.0%           46       1643
    1363        0        2   100.0%           46       1643
    1817        0        3   100.0%           46       1643
    1846        0        3   100.0%           46       1643
    2205        2       22    99.9%           46       1643
    2198        0        3   100.0%           46       1643
    1694        0        3   100.0%           46       1643
    2221        0        4   100.0%           46       1643
    2219        0        3   100.0%           46       1643
    2216        2        7    99.9%           46       1643
    2192        0        3   100.0%           46       1643
    1678        0        3   100.0%           46       1643
    1721        0        3   100.0%           46       1643
    2200        0        3   100.0%           46       1643
    2215        0       10   100.0%           46       1643
    2218        0        3   100.0%           46       1643
    2204        3        3    99.9%           46       1643
    2157        0        3   100.0%           46       1643
    5035        0        3   100.0%           46       1643
    1744        0       11   100.0%           46       1643
    1912        0        3   100.0%           46       1643
    2178        0        3   100.0%           46       1643
    1697        0        3   100.0%           46       1643
    1720        0        3   100.0%           46       1643
    1712        2        3    99.9%           46       1643
    1927        0        3   100.0%           46       1643
    1692        0        3   100.0%           46       1643
    2218        0        2   100.0%           46       1643
    1722        0        3   100.0%           46       1643
    2210        2        7    99.9%           46       1643
    2179        0        3   100.0%           46       1643
    2203        0        2   100.0%           46       1643
    1692        0        4   100.0%           46       1643
    2218        0        3   100.0%           46       1643
    1710        0       11   100.0%           46       1643
    1682        0        3   100.0%           46       1643
    1717        0        3   100.0%           46       1643
    2214        0        3   100.0%           46       1643
    1700        0        3   100.0%           46       1643
    1317        2        9    99.8%           46       1643
    1798        2      133    99.9%           46       1643
    1849        0        3   100.0%           46       1643
    2742        0      355   100.0%           46       1643
    2201        0       12   100.0%           46       1643
    1720        0        3   100.0%           46       1643
    2202        0        3   100.0%           46       1643
    1715        0        3   100.0%           46       1643
    1692        0        3   100.0%           46       1643
    7230       60        5    99.2%           46       1643
    1695        0        3   100.0%           46       1643
    7239        0        6   100.0%           46       1643
    1695        0        3   100.0%           46       1643
    1736        6        3    99.7%           46       1643
    2004      181       43    91.7%           46       1644
    2227        7        3    99.7%           46       1644
    2250       24        3    98.9%           46       1644
    3065      303      219    91.0%           46       1645
    2915      156      216    94.9%           47       1650
    1729        2       40    99.9%           47       1650
    2316        0       39   100.0%           47       1650
    1694        0        3   100.0%           47       1650
   10880       18       44    99.8%           47       1646
    2270        0        3   100.0%           47       1646
    2460        0      188   100.0%           47       1646
    1679        0        3   100.0%           47       1646
    2223        0        3   100.0%           47       1646
    2196        0        3   100.0%           47       1646
    2198        0        3   100.0%           47       1646
    2472        0      193   100.0%           47       1646
    1760        6       33    99.7%           47       1646
    2200        0        3   100.0%           47       1646
    2510     1065        3    70.2%           47       1649
    1187     1027        3    53.6%           47       1654
    4114     1142        4    78.3%           47       1659
    2308       15       15    99.4%           47       1659
    2406        0     1021   100.0%           48       1659
    2519        0      129   100.0%           48       1659
    2218        0        3   100.0%           48       1659
    2222        0        3   100.0%           48       1659
    2269        6        3    99.7%           48       1659
    1714        1        3    99.9%           48       1659
    2190        0       16   100.0%           48       1659
    3716        0      412   100.0%           48       1659
    3097        0      598   100.0%           48       1659
    2150        0      389   100.0%           48       1659
    2435        0      137   100.0%           48       1659
    2188        0       16   100.0%           48       1659
    2176        0        3   100.0%           48       1659
    2217        0        3   100.0%           48       1659
    2229        0        3   100.0%           48       1659
    2323        1        3   100.0%           48       1659
    1702        1        8    99.9%           48       1659
    2191        0        2   100.0%           48       1659
    2197        0        3   100.0%           48       1659
    2200        0        3   100.0%           48       1659
    2200        0        3   100.0%           48       1659
    2156        2        6    99.9%           48       1659
    2200        0        3   100.0%           48       1659
    2504        0      194   100.0%           48       1659
    2188        0        3   100.0%           48       1659
    2506        0      197   100.0%           48       1659
    2195        0        3   100.0%           48       1659
    2216        0        3   100.0%           48       1659
    2214        0        3   100.0%           48       1659
    2178        0        4   100.0%           48       1659
    2159        0        3   100.0%           48       1659
    1980        0      165   100.0%           48       1659
    2197        0        3   100.0%           48       1659
    2199        0        3   100.0%           48       1659
    2020        0      205   100.0%           48       1659
    2200        0        3   100.0%           48       1659
    2203        0        3   100.0%           48       1659
    1715        0        3   100.0%           48       1659
    2188        0        3   100.0%           48       1659
    2218        0        3   100.0%           48       1659
    2180        0        3   100.0%           48       1659
    1881        0        8   100.0%           48       1659
    2175        0        3   100.0%           48       1659
    1378        0        3   100.0%           48       1659
    1718        0        3   100.0%           48       1659
    2192        0        3   100.0%           48       1659
    2201        0        3   100.0%           48       1659
    2994        0      355   100.0%           48       1659
    1728        4       30    99.8%           48       1659
    1702        0        3   100.0%           48       1659
    4437        0      273   100.0%           48       1663
    2711        0      319   100.0%           48       1667
    1818        1       52    99.9%           48       1668
    2215        0        3   100.0%           48       1668
    1700        0        3   100.0%           48       1668
    2216        0        3   100.0%           48       1668
    2194        0        3   100.0%           48       1668
    1661        2       13    99.9%           48       1668
    1696        0        3   100.0%           48       1668
    1751        2       33    99.9%           48       1668
    1696        0        3   100.0%           48       1668
    2175        0        3   100.0%           48       1668
    2216        2       43    99.9%           48       1668
    2099        0      249   100.0%           48       1668
    2252        0       12   100.0%           48       1668
    2222        0        3   100.0%           48       1668
    2196        0        3   100.0%           48       1668
    2219        0        3   100.0%           48       1668
    1700        0        3   100.0%           48       1668
    1672        0        3   100.0%           48       1668
    1723        0        3   100.0%           48       1668
   13043        2       39   100.0%           48       1659
    2558        0      227   100.0%           48       1659
    1717        0        3   100.0%           48       1659
    1703        0        3   100.0%           48       1659
    1887        0        3   100.0%           48       1659
    1726        0        3   100.0%           48       1659
    1716        5       11    99.7%           48       1659
    2195        0        3   100.0%           48       1659
    2211        0        2   100.0%           48       1659
    1696        0        3   100.0%           48       1659
    2221        0        3   100.0%           48       1659
    2217        2        8    99.9%           48       1659
    2193        0        3   100.0%           48       1659
    1722        0        3   100.0%           48       1659
    2217        0        3   100.0%           48       1659
    2192        0        3   100.0%           48       1659
    2191        2        7    99.9%           48       1659
    1833       12        3    99.3%           48       1659
    6056       61       20    99.0%           48       1659
    1680        0        3   100.0%           48       1659
    1699        0        3   100.0%           48       1659
    1712        0       16   100.0%           48       1659
    1724        0        3   100.0%           48       1659
    2221        0        3   100.0%           48       1659
    1719        0        3   100.0%           48       1659
    1722        0        3   100.0%           48       1659
    1721        0        3   100.0%           48       1659
    2195        0        3   100.0%           48       1659
    2193        0        3   100.0%           48       1659
    2194        0        3   100.0%           48       1659
    2218        0        3   100.0%           48       1659
    1722        0        3   100.0%           48       1659
    2200        0        3   100.0%           48       1659
    2215        0        3   100.0%           48       1659
    1826        0        3   100.0%           48       1659
    1706        0        3   100.0%           48       1659
    2192        0       11   100.0%           48       1659
    2173      415       26    84.0%           49       1661
    3112       92       26    97.1%           49       1661
    3053       43       66    98.6%           49       1661
   25067      865        5    96.7%           49       1665
   43914      132       12    99.7%           49       1665
   15593       94        3    99.4%           49       1666
    6502       18       52    99.7%           49       1666
    1696        0        3   100.0%           49       1666
    2220        0        3   100.0%           49       1666
    2172        0        3   100.0%           49       1666
    2229        0        3   100.0%           49       1666
    1672        1       12    99.9%           49       1666
    1694        0        3   100.0%           49       1666
    6385        3        4   100.0%           49       1666
    3435        0        3   100.0%           49       1666
    7287        3        6   100.0%           49       1666
    3622        0      498   100.0%           49       1666
    2744      439      263    86.2%           49       1668
   36256      441       15    98.8%           49       1670
    2199        0        3   100.0%           49       1670
    2200        0        5   100.0%           49       1670
    1679        0        3   100.0%           49       1670
    1676        0       30   100.0%           49       1670
    7285        1       15   100.0%           49       1670
    2180        0        3   100.0%           49       1670
    2204        2        6    99.9%           49       1670
    1668       79        3    95.5%           49       1670
    1325        0        3   100.0%           49       1670
    1719        0        3   100.0%           49       1670
    2229        0        3   100.0%           49       1670
    2181        0        3   100.0%           49       1670
    2340        0       42   100.0%           49       1670
    2265        1       22   100.0%           49       1670
    2187        0        3   100.0%           49       1670
    1698        0        3   100.0%           49       1670
    2217        0        2   100.0%           49       1670
    2223        0        3   100.0%           49       1670
    1681        0       20   100.0%           49       1670
    1715        0        3   100.0%           49       1670
    1695        0        2   100.0%           49       1670
    2195        0        3   100.0%           49       1670
    2217        0        3   100.0%           49       1670
    2154        2        7    99.9%           49       1670
    1966        0        3   100.0%           49       1670
    1720        0        3   100.0%           49       1670
    1721        0       17   100.0%           49       1670
    1700        0        3   100.0%           49       1670
    1715        2        7    99.9%           49       1670
    1675        0        3   100.0%           49       1670
    2196        0        3   100.0%           49       1670
    1719        0        5   100.0%           49       1670
    2151        0        3   100.0%           49       1670
    1706        2        7    99.9%           49       1670
    4334        0      161   100.0%           49       1670
    2343        2      106    99.9%           49       1678
    2695        0      275   100.0%           49       1679
    2619        0      248   100.0%           49       1679
    2298        1       39   100.0%           49       1679
    1748        0        3   100.0%           49       1679
    2667        0      232   100.0%           49       1679
    2515        0      196   100.0%           49       1679
    2505        0      211   100.0%           49       1679
    2220        0        3   100.0%           49       1679
    2358        0       64   100.0%           49       1679
    2137        0      244   100.0%           50       1679
   12996        3       52   100.0%           50       1670
    2293        0        2   100.0%           50       1670
    2448        0      192   100.0%           50       1670
    2193        0        2   100.0%           50       1670
    2160        0        3   100.0%           50       1670
    2193        0        3   100.0%           50       1670
    1854        0        3   100.0%           50       1670
    3627      399      184    90.1%           50       1672
   -2634     4889        3  -116.8%           50       1691
    6246     2575        3    70.8%           50       1702
    -622     2355       55   -35.9%           50       1711
    2051     2032        6    50.2%           50       1719
    1338     1216        4    52.4%           50       1724
     213     1666        3    11.3%           50       1731
    2366     3320        3    41.6%           51       1744
     276     1164       57    19.2%           51       1749
    3343      864       18    79.5%           51       1760
    2150      131       31    94.3%           51       1761
    7445       48     2994    99.4%           51       1765
    1364      240       26    85.0%           51       1762
   36216       79    33385    99.8%           51       1775
   26239       75    25419    99.7%           51       1777
   42058      231    39427    99.5%           51       1767
    1333     1197       27    52.7%           51       1772
    1449       40       58    97.3%           51       1772
    2025       45       31    97.8%           51       1773
    2246        3       15    99.9%           51       1773
    1850        0      123   100.0%           51       1773
    2572        0      425   100.0%           51       1773
    2235        6        3    99.7%           51       1773
    2193        0        3   100.0%           51       1773
    2173        0        3   100.0%           51       1773
    2240       42       53    98.2%           51       1773
    1724        1        3    99.9%           51       1773
    2475        0      107   100.0%           51       1773
    1682        0        3   100.0%           51       1774
    2713      156      298    94.6%           52       1774
    2218        0        3   100.0%           52       1774
    2202        0      345   100.0%           52       1775
    1866        0       50   100.0%           52       1775
    3374      292      458    92.0%           52       1776
    2895      181      577    94.1%           53       1777
    2430      201      242    92.4%           53       1779
    2267        0      563   100.0%           53       1779
    1928        0       25   100.0%           53       1779
    1907        0       57   100.0%           53       1779
    2194        0        3   100.0%           53       1779
    2224        0       43   100.0%           53       1779
    2348        0       34   100.0%           53       1779
    2215        0        3   100.0%           53       1779
    2386        0       48   100.0%           53       1779
    2170        0        3   100.0%           53       1779
    2180        0        3   100.0%           53       1779
    2375        0        3   100.0%           53       1779
    2200        0       26   100.0%           53       1779
    2262        0       19   100.0%           53       1779
    2200        0        3   100.0%           53       1779
    1680        0        3   100.0%           53       1779
    1694        0        3   100.0%           53       1779
    2219        0        3   100.0%           53       1779
    2286        0       17   100.0%           53       1779
    2201        0        3   100.0%           53       1779
    2256        0        3   100.0%           53       1779
    1765        0       43   100.0%           53       1779
    2228        0        3   100.0%           53       1779
    1706        0       19   100.0%           53       1779
    2189        0        3   100.0%           53       1779
    2199        0        3   100.0%           53       1779
    2231        3        4    99.9%           53       1779
    2305        0        3   100.0%           53       1779
    1721        0        3   100.0%           53       1779
    2256       10        4    99.6%           53       1779
    2408       78       12    96.9%           53       1779
    2180        0        3   100.0%           53       1779
    2276        0        3   100.0%           53       1779
    2175        0       52   100.0%           53       1779
    2221        0        3   100.0%           53       1779
    1918        0        3   100.0%           53       1779
    5090        0        9   100.0%           53       1779
    2194        0        2   100.0%           53       1779
    2151        0       12   100.0%           53       1779
    2269        0       50   100.0%           53       1779
    2195        0        3   100.0%           53       1779
    2179        0        3   100.0%           53       1779
    2195        0       22   100.0%           53       1779
    2160        0       22   100.0%           53       1779
    2198        0        3   100.0%           53       1779
    1723        0        3   100.0%           53       1779
    2950        0        3   100.0%           53       1779
    1699        0        3   100.0%           53       1779
    2186        1       10   100.0%           53       1779
    2185        0        3   100.0%           53       1779
    2219        0        3   100.0%           53       1779
    1679        0        3   100.0%           53       1779
    2215        0        3   100.0%           53       1779
    2222        0        3   100.0%           53       1779
    1709        0       43   100.0%           53       1779
    1695        0        3   100.0%           53       1779
    2198        0        3   100.0%           53       1779
    2158        0       13   100.0%           53       1779
    2200        0        3   100.0%           53       1779
    1698        0        3   100.0%           53       1779
    2220        0        3   100.0%           53       1779
    2179       70        3    96.9%           53       1780
    1843       69        3    96.4%           53       1780
    2206        0       18   100.0%           53       1780
    2221        0        3   100.0%           53       1780
    2180        0        3   100.0%           53       1780
    2204        0        3   100.0%           53       1780
    1720        0        3   100.0%           53       1780
    2204        1        9   100.0%           53       1780
    2173        0        3   100.0%           53       1780
    2221        0        3   100.0%           53       1780
    1706        0        3   100.0%           53       1780
    2178        0        3   100.0%           53       1780
    2174        1       10   100.0%           53       1780
    2173        0        4   100.0%           53       1780
    1694        0        3   100.0%           53       1780
    1699        0        3   100.0%           53       1780
    2173        0        3   100.0%           53       1780
    2217        2        7    99.9%           53       1780
    2177        0        3   100.0%           53       1780
    2217        0        3   100.0%           53       1780
    2198        0       43   100.0%           53       1780
    1699        0        3   100.0%           53       1780
    2133        0        3   100.0%           53       1780
    2202        0        3   100.0%           53       1780
    2171        0        3   100.0%           53       1780
    1704        0        3   100.0%           53       1780
    2199        0       18   100.0%           53       1780
    1701        0        3   100.0%           53       1780
    2083        0        3   100.0%           53       1780
    2197        0        3   100.0%           53       1780
    1831        0        3   100.0%           53       1780
    1804        0        3   100.0%           53       1780
    1353        0        3   100.0%           53       1780
    1324        0        3   100.0%           53       1780
    1873        0       43   100.0%           53       1780
    1331        0        3   100.0%           53       1780
    2177        0       20   100.0%           53       1780
    1718        0        3   100.0%           53       1780
    2191        0        2   100.0%           53       1780
    2175        0        3   100.0%           53       1780
    2221        0        3   100.0%           53       1780
    2218        1        8   100.0%           53       1780
    2220        0        3   100.0%           53       1780
    1339        0        3   100.0%           53       1780
    1698        0        3   100.0%           53       1780
    2179        0        3   100.0%           53       1780
    2218        2        7    99.9%           53       1780
    2218        0        3   100.0%           53       1780
    1721        0        3   100.0%           53       1780
    1735        0       43   100.0%           53       1780
    2195        0        3   100.0%           53       1780
    1694        2       16    99.9%           53       1780
    2196        0        3   100.0%           53       1780
    1694        0        3   100.0%           53       1780
    1715        0        3   100.0%           53       1780
    1695        0       14   100.0%           53       1780
    1715        0        3   100.0%           53       1780
    1701        0        3   100.0%           53       1780
    2158        0        3   100.0%           53       1780
    2201        0        3   100.0%           53       1780
    1718        0        3   100.0%           53       1780
    1368        0        3   100.0%           53       1780
    2220        0        3   100.0%           54       1780
    1757        0       43   100.0%           54       1780
    2194        0        3   100.0%           54       1780
    2193        0        3   100.0%           54       1780
    2201        2        3    99.9%           54       1780
    2194        0        3   100.0%           54       1780
    1702        0        3   100.0%           54       1780
    1695        0        3   100.0%           54       1780
    2198        0        3   100.0%           54       1780
    2189        0       10   100.0%           54       1780
    2178        0        3   100.0%           54       1780
    1336        0        3   100.0%           54       1780
    1717        0        2   100.0%           54       1780
    2193        0        3   100.0%           54       1780
    2134        2        7    99.9%           54       1780
    2193        0        3   100.0%           54       1780
    1717        0       43   100.0%           54       1780
    2173        0        3   100.0%           54       1780
    2217        0        3   100.0%           54       1780
    2182        2       17    99.9%           54       1780
    2179        0        3   100.0%           54       1780
    1697        0        3   100.0%           54       1780
    2198        0        3   100.0%           54       1780
    1343        0        3   100.0%           54       1780
    2193        2        7    99.9%           54       1780
    1693        0        3   100.0%           54       1780
    2155        0        3   100.0%           54       1780
    1692        0        3   100.0%           54       1780
    1714        0        3   100.0%           54       1780
    1678        0        3   100.0%           54       1780
    2198        0        4   100.0%           54       1780
    1358        0       42   100.0%           54       1780
    2217        0        3   100.0%           54       1780
    2192        0        3   100.0%           54       1780
    2193        0        3   100.0%           54       1780
    2200        0        3   100.0%           54       1780
    2221        0       15   100.0%           54       1780
    2154        0        3   100.0%           54       1780
    1718        0        3   100.0%           54       1780
    2214        0       11   100.0%           54       1780
    1731        0        2   100.0%           54       1780
    3445        0        3   100.0%           54       1780
    1712        0        2   100.0%           54       1780
    2221        0        3   100.0%           54       1780
    2210        0       13   100.0%           54       1780
    1698        0       42   100.0%           54       1780
    1700        0        3   100.0%           54       1780
    1348        0        3   100.0%           54       1780
    1845        0        3   100.0%           54       1780
    1817        0       17   100.0%           54       1780
    1588        0        3   100.0%           54       1780
    1652        0        3   100.0%           54       1780
    2221        0       15   100.0%           54       1780
    2230        5        3    99.8%           54       1780
    2187        0       11   100.0%           54       1780
    2201        0        3   100.0%           54       1780
    2259        0        5   100.0%           54       1780
    2200        0        3   100.0%           54       1780
    1788       11        4    99.4%           54       1780
    2178        0        3   100.0%           54       1780
    1755        0       43   100.0%           54       1780
    2195        0        3   100.0%           54       1780
    1693        0        3   100.0%           54       1780
    1699        0        3   100.0%           54       1780
    2202        0        3   100.0%           54       1780
    2122        0        3   100.0%           54       1780
    1694        0        3   100.0%           54       1780
    1679        0        3   100.0%           54       1780
    2200        0        3   100.0%           54       1780
    1695        0        3   100.0%           54       1780
    1701        0        3   100.0%           54       1780
    2198        0        3   100.0%           54       1780
    1324        0        3   100.0%           54       1780
    1367        0        3   100.0%           54       1780
    2211        2        6    99.9%           54       1780
    1759        0       43   100.0%           54       1780
    2195        0        2   100.0%           54       1780
    2172        0        3   100.0%           54       1780
    2222        0        3   100.0%           54       1780
    2150        1       16   100.0%           54       1780
    2198        0        3   100.0%           54       1780
    1695        0        3   100.0%           54       1780
    2233       19        3    99.2%           54       1780
    2221        0        3   100.0%           54       1780
    1933        3        5    99.8%           54       1780
    2266       21        3    99.1%           54       1781
    2167       24        3    98.9%           54       1781
    2222       94        3    95.9%           54       1781
    2912        0        3   100.0%           54       1781
    2180        0       21   100.0%           54       1781
    1695        0        3   100.0%           54       1781
    2177        0        3   100.0%           54       1781
    1720        0        3   100.0%           54       1781
    2174        0        3   100.0%           54       1781
    2190        2        7    99.9%           54       1781
    2218        0       15   100.0%           54       1781
    2196        0        3   100.0%           54       1781
    2223        0        3   100.0%           54       1781
    2222        0        3   100.0%           54       1781
    1718        0        3   100.0%           54       1781
    1745        0       26   100.0%           54       1781
    2355        0      472   100.0%           54       1781
    2302        0        6   100.0%           54       1781
    1810        0        9   100.0%           54       1781
    2285        0      243   100.0%           54       1781
    2341        0      203   100.0%           54       1781
    2220        0        3   100.0%           54       1781
    1694        0        3   100.0%           54       1781
    2215        0        3   100.0%           54       1781
    1720        0        3   100.0%           54       1781
    2167        2        7    99.9%           54       1781
    2268        0       43   100.0%           54       1781
    2242        0        8   100.0%           54       1781
    2316        2       23    99.9%           54       1781
    2168        0        3   100.0%           54       1781
    2823        8       28    99.7%           54       1781
    1664        0        3   100.0%           54       1781
    2020        0        7   100.0%           54       1781
    2738     2996        9    47.8%           54       1793
     120     2134        3     5.3%           54       1801
    -875     3207       27   -37.5%           54       1814
      56     2297        3     2.4%           54       1824
    1924      360        3    84.2%           54       1826
   15251       38        4    99.8%           54       1826
    1679        0        3   100.0%           54       1826
    1722        0        3   100.0%           54       1826
    1701        0        3   100.0%           54       1826
    2194        0        3   100.0%           54       1826
    1694        0        3   100.0%           54       1826
    2029        0        3   100.0%           54       1826
    2229        0        3   100.0%           54       1826
    1719        0        3   100.0%           54       1826
    2200        0        3   100.0%           54       1826
    1808        0        3   100.0%           54       1826
    2237        0        6   100.0%           54       1826
    2906        0       24   100.0%           54       1826
    2492        0      196   100.0%           54       1826
    1717        0        6   100.0%           54       1826
    2207        0        3   100.0%           54       1826
    2223        1        3   100.0%           54       1826
    1716        0       90   100.0%           54       1826
    1878        2       11    99.9%           54       1826
    2381        3       65    99.9%           54       1826
    2260        2        7    99.9%           54       1826
    2210        0       10   100.0%           54       1826
    1683        0       30   100.0%           54       1826
    1696        0       73   100.0%           54       1826
    1721        0        3   100.0%           54       1826
    1700        0        3   100.0%           54       1826
    1762        0       43   100.0%           54       1826
    2183        1       21   100.0%           54       1826
    3546      227       23    94.0%           55       1827
    2222        0        3   100.0%           55       1826
    4772        0       18   100.0%           55       1826
    1720        0       13   100.0%           55       1826
    2162        0       36   100.0%           55       1826
    2158        0        3   100.0%           55       1826
    2218        0        3   100.0%           55       1826
    2197        0        3   100.0%           55       1826
    2202        0        3   100.0%           55       1826
    2197        2        7    99.9%           55       1826
    2173        0        3   100.0%           55       1826
    2178        0        3   100.0%           55       1826
    3449        0        3   100.0%           55       1826
    1825        0        3   100.0%           55       1826
    2199        0        3   100.0%           55       1826
    2222        0        3   100.0%           55       1826
    1747        0        3   100.0%           55       1826
    2193        0        3   100.0%           55       1826
    2194        0       15   100.0%           55       1826
    2194        0        3   100.0%           55       1826
    2051        0        3   100.0%           55       1826
    1693        0        3   100.0%           55       1826
    2173        0        3   100.0%           55       1826
    2199        0        3   100.0%           55       1826
    1709        1        9    99.9%           55       1826
    1694        0        3   100.0%           55       1826
    1963        0        3   100.0%           55       1826
    1712        0        2   100.0%           55       1826
    2189        0        3   100.0%           55       1826
    1691        2       10    99.9%           55       1826
    2501      271        3    90.2%           55       1828
    2203        0        3   100.0%           55       1828
    1680        0        3   100.0%           55       1828
    2194        0        3   100.0%           55       1828
    2193        0       11   100.0%           55       1828
    1704        0        3   100.0%           55       1828
    2178        0        3   100.0%           55       1828
    1718        0        3   100.0%           55       1828
    2196        0        3   100.0%           55       1828
    2222        0        3   100.0%           55       1828
    3292       32        3    99.0%           55       1828
    2179        0        3   100.0%           55       1828
    2194        0        3   100.0%           55       1828
    1726        0        5   100.0%           55       1828
    2221        0        3   100.0%           55       1828
    2195        0        3   100.0%           55       1828
    2199        0        3   100.0%           55       1828
    2231        0        6   100.0%           55       1828
    2193        0        3   100.0%           55       1828
    2185        0        3   100.0%           55       1828
    2179        0        3   100.0%           55       1828
    2223        0        3   100.0%           55       1828
    1710        0        3   100.0%           55       1828
    2200        0        3   100.0%           55       1828
    1688        0       12   100.0%           55       1828
    1691        0        2   100.0%           55       1828
    2194        0        3   100.0%           55       1828
    2194        0        3   100.0%           55       1828
    2201        0        3   100.0%           55       1828
    2190        2        7    99.9%           55       1828
    2221        0        3   100.0%           55       1828
    2219        0        3   100.0%           55       1828
    2144        0       15   100.0%           55       1828
    1683        0        3   100.0%           55       1828
    2214        1        8   100.0%           55       1828
    2172        0        3   100.0%           55       1828
    1720        0        3   100.0%           55       1828
    1693        0        3   100.0%           55       1828
    2180        0        3   100.0%           55       1828
    2177        2        7    99.9%           55       1828
    2201        0        3   100.0%           55       1828
    1695        0        3   100.0%           55       1828
    2220        0        3   100.0%           55       1828
    2174        0        3   100.0%           55       1828
    1696        0       11   100.0%           55       1828
    2152        0        3   100.0%           55       1828
    1638       25        3    98.5%           55       1828
    1718        0       14   100.0%           55       1828
    1786        1       81    99.9%           55       1828
    2186        0       28   100.0%           55       1828
    3724       23        3    99.4%           55       1828
    2239        0        8   100.0%           55       1828
    1715        0        3   100.0%           55       1828
    2221        0        3   100.0%           55       1828
    1654        0       15   100.0%           55       1828
    2177        0        2   100.0%           55       1828
    1694        0        3   100.0%           55       1828
    2223        0        3   100.0%           55       1828
    2173        0        3   100.0%           55       1828
    1696        2        7    99.9%           55       1828
    2198        0        3   100.0%           55       1828
    1700        0        3   100.0%           55       1828
    2193        0        3   100.0%           55       1828
    2196        0        3   100.0%           55       1828
    2176        1        7   100.0%           55       1828
    2251        0       43   100.0%           55       1828
    2180        0        3   100.0%           55       1828
    2193        0        3   100.0%           55       1828
    1693        0        3   100.0%           55       1828
    2213        0       16   100.0%           55       1828
    2198        0        3   100.0%           55       1828
    2222        0        3   100.0%           55       1828
    2215        0        3   100.0%           55       1828
    2207        0        3   100.0%           55       1828
    2195        0        3   100.0%           55       1828
    2173        0        4   100.0%           55       1828
    1710        0        3   100.0%           55       1828
    3355       24        3    99.3%           55       1828
    2203        0        3   100.0%           55       1828
    2171        0        3   100.0%           55       1828
    2202        0        3   100.0%           55       1828
    2197        0        3   100.0%           55       1828
    1692        0        3   100.0%           55       1828
    2198        0        3   100.0%           55       1828
    1674        0       10   100.0%           55       1828
    1841        0        2   100.0%           55       1828
    1866        0       43   100.0%           55       1828
    1697        0        3   100.0%           55       1828
    2193        0        3   100.0%           55       1828
    2183        0       16   100.0%           55       1828
    2192        0       15   100.0%           55       1828
    2195        0        3   100.0%           55       1828
    2192        0        3   100.0%           55       1828
    3057        0        3   100.0%           55       1828
    2215        1        8   100.0%           55       1828
    1725        0        3   100.0%           55       1828
    2178        0        3   100.0%           55       1828
    1695        0        3   100.0%           55       1828
    2177        0        3   100.0%           55       1828
    1716        2        7    99.9%           55       1828
    2785        0        3   100.0%           55       1828
    1721        0        4   100.0%           55       1828
    4389        0       13   100.0%           55       1828
    1967        0        3   100.0%           55       1828
    1689        0        3   100.0%           55       1828
    2200        0        3   100.0%           55       1828
    2240        0       62   100.0%           55       1828
    1722        0        3   100.0%           55       1828
    1722        0        3   100.0%           55       1828
    1697        0        3   100.0%           55       1828
    1692        0        3   100.0%           55       1828
    2214        0        3   100.0%           55       1828
    3423        0        3   100.0%           55       1828
    1720        0        3   100.0%           55       1828
    1834        0        7   100.0%           55       1828
    1363        0        3   100.0%           55       1828
    2199        0        3   100.0%           55       1828
    2181        0        2   100.0%           55       1828
    2221        0        3   100.0%           55       1828
    3647        0       11   100.0%           55       1828
    2211        0        2   100.0%           55       1828
    1699        0        3   100.0%           55       1828
    2197        0        3   100.0%           55       1828
    2193        0        3   100.0%           55       1828
    2196        1        8   100.0%           55       1828
    1694        0        3   100.0%           55       1828
    2217        0        3   100.0%           55       1828
    2217        0        3   100.0%           55       1828
    2192        0        3   100.0%           55       1828
    1713        2        7    99.9%           55       1828
    1717        0        3   100.0%           55       1828
    1731        1        3    99.9%           55       1828
    2174        0        3   100.0%           55       1828
    1720        0        3   100.0%           55       1828
    2214        0        3   100.0%           55       1828
    1695        0        3   100.0%           55       1828
    1698        0        3   100.0%           55       1828
    1718        0        3   100.0%           55       1828
    1700        0        3   100.0%           55       1828
    2176        0        3   100.0%           55       1828
    2200        0        3   100.0%           55       1828
    2201        0        3   100.0%           55       1828
    1718        0        3   100.0%           55       1828
    2217        0        3   100.0%           55       1828
    2221        0        3   100.0%           55       1828
    1843        0        3   100.0%           55       1828
    2193        0        3   100.0%           55       1828
    1743        0       41   100.0%           55       1828
    1694        0        3   100.0%           55       1828
    2177        0       36   100.0%           55       1828
    2825        0        5   100.0%           55       1828
    2191        0        2   100.0%           55       1828
    6308        0       23   100.0%           55       1828
    2817        0        5   100.0%           55       1828
    1688        0       16   100.0%           55       1828
    2180        0        3   100.0%           55       1828
    1865        0        3   100.0%           55       1828
    3741      157       24    96.0%           56       1828
    1729        0        3   100.0%           56       1828
    2163        0       44   100.0%           56       1828
    2215        0        3   100.0%           56       1828
    2215        0        3   100.0%           56       1828
    2195        0        4   100.0%           56       1828
    2163        0        3   100.0%           56       1828
    1697        0        3   100.0%           56       1828
    2220        0        3   100.0%           56       1828
    1721        0        3   100.0%           56       1828
    2211        0        3   100.0%           56       1828
    2197        0        3   100.0%           56       1828
    2218        0        3   100.0%           56       1828
    2170        0        3   100.0%           56       1828
    2231        0        3   100.0%           56       1828
    2201        0        3   100.0%           56       1828
    1695        0        3   100.0%           56       1828
    1694        0        3   100.0%           56       1828
    2198        0        3   100.0%           56       1828
    1339        0        3   100.0%           56       1828
    1715        0        3   100.0%           56       1828
    1651        0        2   100.0%           56       1828
    1694        2        3    99.9%           56       1828
    2224        0        3   100.0%           56       1828
    2215        0        3   100.0%           56       1828
    1664        0        3   100.0%           56       1828
    1657        0        3   100.0%           56       1828
    2215        0       10   100.0%           56       1828
    2184        0        3   100.0%           56       1828
    2222        0        3   100.0%           56       1828
    2185        0        3   100.0%           56       1828
    2218        0        3   100.0%           56       1828
    2191        0       11   100.0%           56       1828
    2268        0        3   100.0%           56       1828
    2179        0        3   100.0%           56       1828
    2192        0        3   100.0%           56       1828
    2251        0       43   100.0%           56       1828
    1825        0        3   100.0%           56       1828
    1852        0        3   100.0%           56       1828
    1826        0        3   100.0%           56       1828
    1811        0        3   100.0%           56       1828
    1846        0        3   100.0%           56       1828
    2069        2        7    99.9%           56       1828
    2220        0        3   100.0%           56       1828
    1696       65       15    96.3%           56       1829
    2221        0        3   100.0%           56       1829
    2178        0        3   100.0%           56       1829
    1699        0        3   100.0%           56       1829
    1925        0        3   100.0%           56       1829
    1744        0        3   100.0%           56       1829
    1719        0       43   100.0%           56       1829
    2195        0       15   100.0%           56       1829
    2214        2        3    99.9%           56       1829
    2190        0        2   100.0%           56       1829
    1749        0        3   100.0%           56       1829
    2222        0        3   100.0%           56       1829
    2238        0        3   100.0%           56       1829
    2216        0        7   100.0%           56       1829
    2223        0        3   100.0%           56       1829
    4029        0       12   100.0%           56       1829
    2214        0        3   100.0%           56       1829
    2195        0        3   100.0%           56       1829
    2220        0        9   100.0%           56       1829
    2197        0        3   100.0%           56       1829
    1722        0        3   100.0%           56       1829
    2180        0        3   100.0%           56       1829
    2194        0       14   100.0%           56       1829
    2106        1        8   100.0%           56       1829
    1680        0        3   100.0%           56       1829
    3459        0        3   100.0%           56       1829
    2257        0       43   100.0%           56       1829
    2196        0        3   100.0%           56       1829
    2219        0        3   100.0%           56       1829
    2199        0        3   100.0%           56       1829
    2219        0        3   100.0%           56       1829
    1715        0        3   100.0%           56       1829
    1729        0        3   100.0%           56       1829
    1694        0        3   100.0%           56       1829
    2200        0        3   100.0%           56       1829
    1695        0        3   100.0%           56       1829
    2598        0        3   100.0%           56       1829
    2180        0        3   100.0%           56       1829
    3123        0        3   100.0%           56       1829
    2192        0        3   100.0%           56       1829
    2116        0        3   100.0%           56       1829
    1694        0        3   100.0%           56       1829
    1698        0        3   100.0%           56       1829
    2190        1       10   100.0%           56       1829
    2195        0        3   100.0%           56       1829
    1719        0        3   100.0%           56       1829
    2222        0        3   100.0%           56       1829
    1700        0        3   100.0%           56       1829
    1716        0        7   100.0%           56       1829
    1689        0        3   100.0%           56       1829
    1669        0        3   100.0%           56       1829
    1721        0        3   100.0%           56       1829
    2200        0        3   100.0%           56       1829
    2197        2        7    99.9%           56       1829
    2806       31        4    98.9%           56       1829
    2178        0        3   100.0%           56       1829
    2217        0        3   100.0%           56       1829
    2181        0        3   100.0%           56       1829
    2198        0        3   100.0%           56       1829
    2182        0       13   100.0%           56       1829
    2198        0        3   100.0%           56       1829
    2249        0       43   100.0%           56       1829
    2221        0        3   100.0%           56       1829
    2223        0        3   100.0%           56       1829
    2198        0        3   100.0%           56       1829
    2195        0       15   100.0%           56       1829
    2200        0        3   100.0%           56       1829
    1697        0        3   100.0%           56       1829
    2196        0        3   100.0%           56       1829
    1694        0        3   100.0%           56       1829
    2177        0        3   100.0%           56       1829
    2192        0        2   100.0%           56       1829
    2218        0        3   100.0%           56       1829
    1711        2        6    99.9%           56       1829
    2193        0        3   100.0%           56       1829
    2174        0        3   100.0%           56       1829
    2204        0        3   100.0%           56       1829
    3888      475      147    89.1%           57       1831
    6622     1712      919    79.5%           57       1841
    3224      430       82    88.2%           57       1842
