[7l-dsk/total-
 read  writ
 410k  125k
   0     0 
   0     0 
   0     0 
   0     0 
   0     0 
   0    56k
   0    32k
   0     0 
   0     0 
   0     0 
   0     0 
   0    20k
   0     0 
   0     0 
   0    64k
   0    88k
4096B    0 
   0     0 
   0     0 
   0    84k
   0    36k
   0     0 
   0     0 
   0     0 
   0    12k
   0    28k
   0     0 
   0     0 
   0     0 
   0  4096B
   0     0 
   0    20k
   0     0 
   0     0 
   0    76k
   0     0 
   0    28k
   0     0 
   0     0 
   0     0 
   0     0 
   0    20k
   0     0 
   0     0 
   0     0 
   0     0 
   0     0 
   0    20k
   0     0 
   0     0 
   0     0 
   0     0 
   0    16k
   0     0 
   0     0 
   0     0 
   0     0 
   0    24k
   0     0 
   0     0 
   0     0 
   0     0 
   0     0 
   0    16k
   0  4096B
   0     0 
   0     0 
   0     0 
   0    16k
   0    32k
   0     0 
   0     0 
   0     0 
   0    20k
   0    28k
   0     0 
   0     0 
   0     0 
   0     0 
   0    28k
   0     0 
   0     0 
   0     0 
   0     0 
   0    32k
   0     0 
   0     0 
   0     0 
   0     0 
   0    72k
   0     0 
   0     0 
   0     0 
   0     0 
   0    20k
   0     0 
   0     0 
   0     0 
   0     0 
   0    36k
   0     0 
   0     0 
   0     0 
   0     0 
   0    56k
   0    28k
   0     0 
   0     0 
   0     0 
   0     0 
   0    16k
   0     0 
   0     0 
   0     0 
   0    28k
   0    32k
   0     0 
   0     0 
   0     0 
   0    16k
   0     0 
   0    32k
   0     0 
   0     0 
   0    12k
   0     0 
   0    32k
   0     0 
   0     0 
   0     0 
   0     0 
   0    16k
   0     0 
   0     0 
   0  4096B
   0     0 
   0     0 
   0    16k
   0     0 
   0    52k
   0     0 
   0     0 
   0    28k
   0     0 
   0    52k
   0     0 
   0     0 
   0     0 
   0    40k
   0     0 
   0     0 
   0     0 
   0     0 
   0    16k
   0     0 
   0     0 
   0     0 
   0     0 
   0    20k
   0     0 
   0     0 
   0     0 
   0     0 
   0     0 
   0    16k
   0     0 
   0     0 
   0     0 
   0     0 
   0    20k
   0     0 
   0     0 
   0     0 
   0     0 
   0    24k
   0     0 
   0     0 
   0     0 
   0     0 
   0    32k
   0    28k
   0     0 
   0     0 
   0     0 
   0    28k
   0    32k
   0     0 
   0     0 
   0     0 
   0    12k
   0    24k
   0     0 
   0     0 
   0     0 
   0     0 
   0    20k
   0     0 
   0     0 
   0     0 
   0     0 
   0     0 
   0    16k
   0     0 
   0     0 
   0    12k
   0     0 
   0    28k
   0     0 
   0     0 
   0  8192B
   0     0 
   0    28k
   0     0 
   0     0 
   0    48k
   0     0 
   0     0 
   0    28k
   0     0 
   0     0 
   0     0 
   0     0 
   0    16k
   0     0 
   0     0 
   0     0 
   0     0 
   0    20k
   0     0 
   0    28k
   0     0 
   0     0 
   0     0 
   0    32k
   0     0 
   0     0 
   0     0 
   0     0 
   0    16k
   0    12k
   0     0 
   0     0 
   0     0 
   0    28k
   0  4096B
   0     0 
   0     0 
   0     0 
   0    16k
   0    32k
   0     0 
   0     0 
   0     0 
   0     0 
   0    32k
   0     0 
   0     0 
   0     0 
   0     0 
   0    16k
   0     0 
   0     0 
   0     0 
   0     0 
   0    40k
   0     0 
   0     0 
   0     0 
   0     0 
   0    28k
   0    28k
   0     0 
   0     0 
   0     0 
   0     0 
   0    16k
   0     0 
   0     0 
   0     0 
   0  4096B
   0     0 
   0    24k
   0   292k
   0     0 
   0    44k
   0     0 
   0     0 
   0    48k
   0     0 
   0     0 
   0     0 
   0     0 
   0    20k
   0     0 
   0    12k
   0     0 
   0     0 
   0    40k
   0     0 
   0     0 
   0     0 
   0     0 
   0     0 
   0    16k
   0     0 
   0     0 
   0     0 
   0     0 
   0    24k
   0    12k
   0     0 
   0     0 
   0     0 
   0    28k
   0    32k
   0     0 
   0     0 
   0     0 
   0     0 
   0   120k
   0     0 
   0     0 
   0     0 
   0     0 
   0    40k
   0     0 
   0     0 
   0     0 
   0     0 
   0    40k
   0     0 
   0     0 
   0     0 
   0     0 
   0  8192B
   0    28k
   0     0 
   0     0 
   0     0 
   0     0 
   0    16k
   0     0 
   0     0 
   0     0 
   0     0 
   0    16k
   0     0 
   0     0 
   0     0 
   0  4096B
   0     0 
   0    16k
   0     0 
   0     0 
   0    48k
   0     0 
   0    24k
   0     0 
   0     0 
   0     0 
   0     0 
   0    16k
   0     0 
   0     0 
   0     0 
   0     0 
   0     0 
   0    16k
   0     0 
   0     0 
   0     0 
   0     0 
   0    16k
   0     0 
   0     0 
   0     0 
   0     0 
   0    16k
   0     0 
   0     0 
   0     0 
   0     0 
   0     0 
   0    16k
   0    12k
   0     0 
   0     0 
   0     0 
   0    28k
   0    24k
   0     0 
   0     0 
   0     0 
   0    28k
   0     0 
   0     0 
   0     0 
   0     0 
   0     0 
   0    16k
   0     0 
   0     0 
   0     0 
   0     0 
   0    16k
   0     0 
   0     0 
   0     0 
   0     0 
   0    16k
   0     0 
   0     0 
   0     0 
   0     0 
   0     0 
   0    16k
   0     0 
   0     0 
   0     0 
   0     0 
   0    28k
   0     0 
   0     0 
   0     0 
   0     0 
   0    32k
   0     0 
   0     0 
   0     0 
   0     0 
   0    16k
   0     0 
   0     0 
   0     0 
   0     0 
   0     0 
   0    16k
   0     0 
   0     0 
   0     0 
   0     0 
   0    16k
   0     0 
   0     0 
   0     0 
   0     0 
   0    16k
   0     0 
   0     0 
   0     0 
   0     0 
   0     0 
   0    16k
   0     0 
  14G   14G missed 4674 ticks
   0     0 
  16k    0 
8192B  620k
4096B    0 
  28k    0 
   0    16k
   0     0 
   0    48k
   0     0 
   0     0 
1264k  672k
2884k   88k
2852k  160k
1152k  924k
   0     0 
   0  4096B
   0     0 
   0     0 
   0    40k
   0     0 
   0   156k
 148k    0 
   0     0 
8192B    0 
 244k  272k
   0   540k
   0     0 
   0     0 
   0     0 
   0     0 
   0    52k
 696k    0 
   0     0 
   0     0 
   0     0 
4096B   44k
  20k    0 
4096B    0 
   0     0 
   0     0 
   0    20k
   0    36k
 280k  560k
   0     0 
   0     0 
   0  4096B
   0     0 
   0    36k
   0     0 
   0     0 
   0     0 
   0     0 
 236k   40k
   0     0 
   0     0 
   0   140k
   0     0 
   0     0 
   0    52k
   0     0 
   0     0 
   0     0 
   0     0 
   0    44k
   0     0 
   0    12k
   0     0 
   0     0 
   0    56k
   0     0 
   0     0 
   0     0 
   0     0 
   0    44k
   0     0 
   0   904k
   0     0 
   0     0 
   0    68k
   0     0 
   0  4096B
   0     0 
   0     0 
   0    44k
   0   108k
   0    12k
   0     0 
   0     0 
   0     0 
   0    44k
   0    88k
4096B    0 
   0     0 
1524k    0 
5684k   44k
3400k    0 
7080k    0 
4096B    0 
   0     0 
   0     0 
   0    60k
   0     0 
   0     0 
   0     0 
 356k    0 
   0    68k
   0     0 
1184k    0 
1420k    0 
   0     0 
   0    60k
   0     0 
   0    84k
   0     0 
   0    92k
   0    72k
   0    92k
   0     0 
   0     0 
   0     0 
   0     0 
   0    44k
   0     0 
   0     0 
   0     0 
   0   112k
   0    24k
   0     0 
   0     0 
   0     0 
   0    52k
   0     0 
   0    88k
   0     0 
   0     0 
   0     0 
   0     0 
   0    52k
   0     0 
   0     0 
   0     0 
   0     0 
   0    48k
   0     0 
   0     0 
   0     0 
   0     0 
   0    48k
   0     0 
   0     0 
   0     0 
   0     0 
   0    24k
1040k    0 
 440k    0 
   0     0 
   0     0 
   0    56k
   0     0 
   0     0 
   0     0 
   0  8192B
   0     0 
   0    24k
   0     0 
   0     0 
   0   128k
   0     0 
   0    40k
   0     0 
   0     0 
   0     0 
  40k  156k
   0   164k
4096B  904k
   0     0 
   0    16k
   0     0 
   0     0 
   0    60k
   0     0 
   0     0 
   0     0 
   0     0 
   0    52k
   0     0 
   0  4096B
   0     0 
   0   128k
   0     0 
   0     0 
   0  4096B
   0     0 
   0    84k
   0     0 
   0     0 
   0  4096B
   0     0 
   0    24k
   0     0 
   0     0 
   0   160k
   0     0 
   0     0 
   0    36k
   0     0 
4096B  172k
   0     0 
   0     0 
   0    40k
   0     0 
   0  4096B
   0     0 
   0     0 
   0    24k
   0     0 
   0     0 
   0     0 
   0     0 
   0    24k
   0     0 
   0    80k
   0     0 
   0     0 
   0    40k
   0     0 
   0  8192B
   0     0 
   0     0 
   0     0 
   0    32k
   0   172k
   0   528k
   0   528k
   0     0 
   0     0 
   0   128k
   0     0 
 248k   52k
   0     0 
   0     0 
   0     0 
   0     0 
 260k   60k
 536k  120k
  28k    0 
 480k  120k
1220k  720k
 856k  640k
   0   156k
   0   128k
   0     0 
  64k  172k
   0     0 
   0   552k
   0     0 
   0     0 
   0     0 
   0     0 
   0    36k
   0   548k
   0   156k
2092k    0 
5992k    0 
5748k    0 
  72k   56k
   0    28k
   0  1467k
   0     0 
   0     0 
   0     0 
  24k  276k
4096B   60k
   0     0 
   0  1688k
   0  1100k
   0   891k
   0   192k
   0    48k
   0     0 
   0     0 
   0    76k
4096B    0 
   0    28k
   0     0 
   0     0 
   0     0 
   0     0 
   0    24k
   0     0 
  56k  532k
   0  4096B
   0   408k
   0   148k
   0     0 
   0     0 
   0  4096B
   0  1024B
4096B  556k
   0     0 
   0     0 
   0    48k
   0   568k
   0     0 
   0     0 
   0     0 
   0   636k
   0    56k
   0     0 
   0    20k
   0     0 
   0   304k
   0    76k
   0     0 
   0     0 
   0  1076k
   0    80k
   0     0 
   0   916k
4096B  672k
   0   280k
   0     0 
   0     0 
   0     0 
   0     0 
   0    48k
   0  4096B
   0   101k
   0     0 
   0     0 
   0   168k
   0   160k
   0   576k
   0     0 
   0     0 
   0     0 
   0    28k
   0    36k
   0     0 
   0     0 
   0   152k
   0   800k
   0     0 
   0     0 
   0     0 
   0     0 
  28k   40k
   0     0 
   0     0 
   0     0 
   0     0 
   0   100k
   0     0 
   0     0 
   0     0 
   0     0 
   0     0 
   0    24k
 320k    0 
   0     0 
   0     0 
   0    68k
   0    60k
   0     0 
   0     0 
   0     0 
   0  4096B
   0    24k
   0     0 
   0     0 
   0     0 
   0   128k
   0    24k
   0     0 
   0     0 
   0     0 
   0    20k
   0    40k
1680k   44k
 380k    0 
 108k  180k
3676k    0 
 468k    0 
 400k    0 
 400k  216k
   0     0 
   0     0 
   0     0 
   0     0 
   0    44k
   0     0 
   0    20k
  16k    0 
   0     0 
4096B  241k
   0  1130k
3968k   92k
   0  4096B
   0     0 
   0     0 
   0     0 
   0   188k
   0     0 
   0     0 
   0    84k
 316k    0 
   0   348k
   0     0 
   0     0 
   0    40k
   0   192k
   0   168k
   0     0 
   0     0 
   0     0 
   0     0 
   0    76k
   0     0 
   0     0 
   0     0 
   0     0 
   0    24k
   0     0 
   0     0 
   0  3072B
   0     0 
   0    12k
   0    24k
   0     0 
   0     0 
   0     0 
   0  4096B
   0    24k
   0   964k
   0   304k
   0   812k
   0   548k
   0   152k
   0   576k
   0   396k
   0   628k
   0   736k
   0     0 
   0   292k
   0   716k
   0   160k
   0    20k
   0   572k
   0     0 
   0     0 
   0     0 
   0     0 
1116k  512k
  19M   16k
  10M    0 
8516k  192k
9552k    0 
6176k    0 
5456k    0 
  12M    0 
7940k  224k
3908k    0 
1580k   40k
 172k  432k
 752k  284k
 228k  204k
 644k 1952k
4096B 4160k
4388k  144k
2176k    0 
 180k    0 
  16k 8192B
  20k    0 
 144k  292k
  44k 1500k
  24k    0 
   0   596k
 120k    0 
  52k    0 
  36k  172k
   0     0 
4096B  580k
1136k  512k
   0     0 
 368k 1076k
 452k    0 
 968k   76k
 788k    0 
 976k    0 
 124k  912k
   0  4096B
   0   256k
   0     0 
   0   156k
8192B    0 
   0     0 
   0  5268k
   0     0 
   0     0 
   0     0 
   0     0 
   0   364k
   0     0 
   0     0 
   0     0 
   0     0 
   0   172k
   0    64k
   0     0 
   0   160k
   0     0 
   0  1264k
   0    72k
   0     0 
   0     0 
  12k 4096B
   0   944k
   0   112k
 176k 4096B
 180k    0 
   0     0 
   0  1812k
4096B  192k
   0     0 
   0     0 
   0     0 
   0  4096B
   0    44k
   0   160k
   0     0 
   0     0 
   0    12k
   0     0 
   0    84k
   0     0 
   0     0 
   0     0 
   0     0 
   0    36k
   0     0 
   0     0 
   0  4096B
   0     0 
   0   184k
   0     0 
   0     0 
   0   220k
   0     0 
   0    76k
   0     0 
   0     0 
 920k   40k
   0     0 
   0    68k
   0     0 
   0     0 
   0    12k
   0     0 
   0    36k
   0     0 
   0     0 
   0   108k
   0     0 
   0     0 
   0    36k
   0     0 
   0     0 
   0     0 
   0     0 
   0    24k
   0     0 
   0   160k
   0     0 
   0     0 
   0    64k
   0     0 
   0  8192B
   0     0 
   0    44k
   0     0 
   0     0 
   0   112k
   0     0 
   0    28k
   0     0 
   0     0 
   0   180k
   0     0 
   0    80k
   0     0 
   0     0 
   0     0 
   0     0 
   0    28k
   0     0 
   0     0 
   0     0 
   0     0 
   0     0 
   0    24k
   0     0 
   0   160k
   0     0 
   0     0 
   0    60k
   0     0 
   0     0 
   0     0 
   0     0 
   0    28k
   0     0 
   0    16k
   0     0 
   0     0 
   0    24k
   0     0 
   0   192k
   0     0 
   0     0 
   0    64k
   0     0 
   0    16k
   0     0 
   0     0 
   0    36k
   0     0 
   0    80k
   0     0 
   0     0 
   0    24k
   0     0 
   0   160k
   0     0 
   0     0 
   0     0 
   0    64k
   0     0 
   0     0 
   0     0 
   0     0 
   0    24k
   0     0 
   0     0 
   0     0 
   0     0 
   0    24k
   0   164k
   0     0 
   0     0 
   0     0 
   0    68k
   0    64k
   0     0 
   0     0 
   0     0 
   0    40k
   0    20k
   0     0 
   0     0 
   0     0 
   0    48k
   0   160k
   0     0 
   0     0 
   0     0 
   0     0 
   0   380k
   0     0 
   0     0 
  20k    0 
   0     0 
   0    40k
   0     0 
8192B    0 
  48k    0 
   0     0 
   0    36k
   0     0 
   0     0 
   0     0 
   0     0 
   0    64k
   0     0 
   0     0 
   0     0 
   0     0 
   0    24k
   0     0 
   0     0 
   0     0 
   0     0 
   0    24k
   0   160k
   0     0 
   0     0 
   0     0 
   0    60k
   0  8192B
   0     0 
  76k    0 
   0     0 
   0     0 
 488k  144k
   0     0 
 468k    0 
4096B    0 
   0     0 
   0    92k
   0     0 
   0     0 
   0     0 
   0     0 
   0    24k
   0     0 
   0     0 
   0     0 
   0     0 
   0    28k
  20k 1052k
  24k   28k
   0     0 
4096B  160k
   0     0 
   0   716k
   0     0 
   0     0 
   0     0 
   0  4096B
   0    24k
   0     0 
   0  4096B
  12k    0 
   0  4096B
  36k    0 
  88k  112k
   0     0 
9468k   12k
6204k  268k
  15M    0 
  10M  104k
4524k    0 
 296k    0 
   0     0 
   0     0 
   0    28k
   0     0 
   0     0 
   0   548k
   0     0 
   0    24k
   0     0 
   0     0 
   0   576k
   0    12k
4096B  120k
4096B    0 
   0     0 
   0    40k
4096B    0 
  12k  204k
8192B    0 
  16k    0 
4096B   48k
   0     0 
   0   100k
4096B    0 
   0     0 
   0    16k
   0    12k
   0    80k
1012k    0 
   0     0 
   0   220k
   0     0 
   0     0 
   0   140k
   0     0 
   0     0 
   0     0 
   0     0 
   0    24k
   0     0 
   0     0 
   0     0 
   0     0 
   0    24k
   0     0 
   0   540k
   0     0 
   0     0 
   0    56k
   0     0 
   0   464k
   0     0 
   0     0 
   0    36k
   0     0 
   0    36k
   0     0 
   0     0 
   0     0 
   0    36k
1084k  168k
   0     0 
   0     0 
   0     0 
   0    40k
   0   168k
   0     0 
   0     0 
   0     0 
   0    60k
 128k    0 
   0     0 
   0     0 
   0     0 
   0    32k
   0     0 
   0    12k
   0     0 
   0     0 
   0    64k
   0    44k
   0     0 
   0     0 
   0     0 
   0    48k
   0     0 
   0     0 
   0     0 
   0     0 
   0    24k
   0  4096B
   0     0 
   0     0 
   0     0 
   0     0 
   0    36k
   0     0 
   0     0 
   0     0 
   0     0 
   0   148k
   0     0 
   0     0 
   0     0 
   0     0 
   0    56k
   0     0 
 100k    0 
4096B    0 
   0   252k
   0   164k
  92k    0 
   0     0 
   0     0 
   0     0 
   0    56k
   0     0 
   0     0 
   0     0 
   0     0 
   0    24k
   0     0 
   0     0 
   0     0 
   0     0 
   0    84k
   0    24k
   0     0 
   0     0 
   0     0 
   0  8192B
   0    60k
   0     0 
   0     0 
   0     0 
   0    20k
   0    48k
   0     0 
  96k    0 
   0     0 
   0   184k
   0    44k
   0     0 
   0     0 
   0     0 
   0  4096B
   0    36k
   0     0 
   0   160k
   0     0 
   0     0 
   0    60k
   0     0 
   0     0 
   0     0 
   0     0 
   0     0 
   0    28k
   0     0 
   0     0 
   0  4096B
   0     0 
   0    24k
   0     0 
   0     0 
   0    12k
   0     0 
   0    44k
   0     0 
   0     0 
   0    16k
   0     0 
   0    48k
   0     0 
   0     0 
   0    92k
   0     0 
   0    24k
   0     0 
   0     0 
   0   160k
   0     0 
   0    36k
   0     0 
   0     0 
   0    80k
   0     0 
   0     0 
   0    28k
   0     0 
   0     0 
   0     0 
   0     0 
   0    24k
   0     0 
   0    16k
   0     0 
   0     0 
   0    44k
   0     0 
   0   200k
   0     0 
   0     0 
   0    24k
   0     0 
   0    20k
   0     0 
   0     0 
   0    48k
   0     0 
   0    52k
   0     0 
   0     0 
   0    64k
   0     0 
   0  4096B
4096B    0 
   0     0 
   0     0 
   0    60k
   0     0 
   0     0 
 560k   12k
   0     0 
   0   172k
   0     0 
   0     0 
   0     0 
   0     0 
   0    28k
   0  4096B
   0     0 
   0     0 
   0     0 
   0    28k
   0    12k
   0     0 
   0     0 
   0     0 
   0    36k
   0    16k
   0     0 
   0     0 
   0     0 
   0    36k
   0   480k
   0     0 
   0     0 
   0     0 
   0     0 
   0    52k
   0     0 
   0     0 
   0     0 
   0     0 
   0    92k
   0     0 
   0     0 
   0     0 
   0     0 
   0    88k
   0     0 
   0     0 
   0     0 
   0     0 
   0    28k
   0     0 
 272k    0 
   0     0 
   0     0 
   0    40k
   0     0 
   0     0 
   0   160k
   0     0 
   0   108k
   0     0 
   0     0 
   0     0 
   0     0 
   0   136k
   0     0 
   0     0 
   0     0 
   0     0 
   0     0 
   0    32k
   0     0 
   0     0 
   0     0 
   0     0 
   0    28k
   0     0 
   0     0 
   0   160k
   0     0 
   0    60k
   0     0 
   0     0 
   0     0 
   0    48k
   0    36k
   0     0 
   0     0 
   0     0 
   0    88k
   0    28k
   0     0 
   0     0 
   0     0 
   0    16k
   0    36k
   0     0 
   0     0 
   0     0 
   0    76k
   0     0 
   0    24k
   0     0 
   0     0 
   0     0 
   0     0 
   0    24k
 128k    0 
   0     0 
   0   160k
   0     0 
   0    60k
   0     0 
   0     0 
   0     0 
   0     0 
   0    60k
   0     0 
   0     0 
   0  4096B
   0     0 
   0    28k
   0     0 
   0     0 
   0  8192B
   0     0 
   0    24k
   0     0 
   0     0 
   0   180k
 516k    0 
7900k  824k
2056k 4096B
2676k    0 
